1248 4213 640 1061 2619 2263 1528 5820 416 3636 5030 1462 2805 5521 86 3807 2367 20 2223 6293
2983 774 278 3263 1990 4446 5860 4524 2412 5814 3877 3015 807 637 663 3996 2244 1276 3751 536
2260 341 72 1386 3734 6248 5381 4674 4780 3113 2827 3063 2353 6884 1283 3433 2487 1375 2750 1701
4751 6197 6769 6677 4913 6835 68 6237 3300 4017 6781 611 1460 1363 5040 4673 4769 5881 4114 1364
1358 1049 6562 2240 1522 3020 5888 1530 6083 2779 6608 16 3497 5562 4830 1758 521 5893 6032 431
6354 3581 1959 5610 1076 1449 3273 4544 337 1734 6733 117 2560 1805 5839 773 4544 2691 1666 72
1333 6248 1206 128 1464 867 132 3340 2054 3337 97 583 6562 2635 6200 1579 4048 2199 1036 6078
6759 5214 4562 1097 2260 2300 445 6032 72 536 1990 3666 1326 2350 962 0 158 4992 1641 3433
2351 5623 278 2351 2697 1116 6473 2692 2950 3129 1865 6757 6370 4177 4203 1693 5537 5325 3367 4674
3024 5319 1283 773 2397 984 2334 1675 5038 3117 2378 1869 2976 421 2006 6562 4677 5218 3155 23
3951 2810 1033 2311 6200 4971 97 173 2259 6157 2950 5870 1512 158 6292 2051 156 875 6472 5823
116 5412 1038 18 4573 5823 72 1808 4054 6591 2324 6033 4672 4428 338 5052 1618 6434 1031 3598
2351 2045 5854 6283 6353 2697 3968 2038 3584 5280 1361 2783 3433 2238 1915 869 3730 1032 5370 3507
6087 2609 1511 1816 2236 2319 4769 5818 4885 153 1630 6581 4468 5473 5897 1032 2965 538 2238 2300
1053 1364 1037 4342 3931 1219 6287 2259 1915 874 659 400 1030 2236 2913 1133 3178 1256 2960 2371
1830 1311 4533 1262 2422 4752 549 1908 2783 5804 659 1533 344 5245 2412 1437 1333 6251 2487 625
5779 3164 1208 72 644 2926 6310 1784 2288 2254 3010 1286 3035 2911 5018 6364 2905 151 2697 4629
4690 1769 619 2361 867 6267 3015 1104 5814 136 1263 5058 4258 1426 1970 1556 5336 4287 8 3657
39 3377 6761 3082 1475 5777 1053 3008 3900 2449 4823 1262 4913 548 4362 2842 1036 2837 892 5358
892 5318 4950 3606 1276 3323 173 4026 5517 5811 6373 5412 1694 2410 1172 2895 2360 2237 5752 2351
6472 5307 72 386 36 1276 2164 8 6575 1085 888 1026 322 2412 4005 2783 4490 4048 72 3434
6372 6817 650 1796 2915 1688 2794 388 1523 6451 1894 2711 72 713 340 3961 5148 2654 2496 4637
6445 4995 4053 5266 6200 6484 4747 421 72 2397 4849 415 1475 425 3045 1206 75 2182 514 535
168 4306 2783 2365 4035 1206 1884 6791 2238 2077 346 1811 904 1350 628 2054 326 6421 4213 2165
1032 6278 5919 4389 2342 4336 6373 3263 2693 1090 5503 2783 1726 4766 4863 1884 3142 2296 3075 1246
663 4688 5857 617 1121 5214 72 4912 6186 5425 663 1128 6781 5223 4674 3269 750 6248 2495 1907
425 2300 4026 3274 1056 1503 1431 1891 1504 2868 3113 4751 1628 5933 5402 1369 1614 1353 2905 218
415 3967 4989 6221 3572 1899 2908 5614 3008 5524 4877 243 1496 5359 3341 2894 4110 1759 2234 5322
5364 2361 4608 622 1833 2892 5610 1644 3564 6000 108 638 2892 3433 2397 3008 2880 1221 3206 1475
6259 1423 58 2359 789 3008 3015 408 5259 1645 278 1023 2787 2794 5071 1116 8 1281 6725 2325
4779 3219 633 2353 5370 3263 2274 564 2169 5319 174 2783 3106 4604 6423 4475 1867 2563 6439 1707
6373 1641 636 2827 4390 330 2913 0 3495 982 5900 981 1235 3732 3435 1778 2868 6362 654 5324
1644 5811 5755 2291 602 3206 4146 2856 4244 136 1057 628 431 72 1015 1032 33 597 1450 2397
1206 28 5823 2268 5223 5030 1691 2830 1672 1286 6512 1880 97 923 1846 1672 1279 1365 1205 6259
6472 3564 3921 3509 1331 5662 4026 2247 4823 1628 611 5512 2937 1796 5018 1646 2546 84 888 453
3587 1672 2487 2163 4190 1072 3008 5387 15 1901 105 55 5559 5846 1023 2267 3 2236 2836 2618
5928 4121 5804 6421 5399 4823 2806 3399 59 1326 2340 1449 5572 760 617 347 1256 2783 8 6678
2267 635 453 1941 3039 2487 3242 5768 1802 4386 475 4014 338 984 1857 1707 1865 1634 1615 454
3966 866 6472 3682 619 4683 2054 4953 1437 74 889 5465 601 1208 41 1675 4279 1634 1915 619
3564 1514 2954 3723 200 3896 90 3138 319 6867 368 1780 1868 1767 4003 1076 2757 2488 4392 52
2635 6828 4475 3714 2233 3477 5606 1026 5610 2238 535 1032 1785 4475 898 2294 5068 6428 2575 6434
105 376 875 1101 548 1255 5582 2550 5301 6083 245 6431 390 6186 1921 140 2410 2878 6241 5911
1018 38 5788 3256 3678 1011 7 1356 6693 2214 3702 1505 6089 1541 158 1503 9 6284 0 121
1058 1029 1461 3511 5314 1032 4497 2561 4475 1802 1333 6862 4783 434 6904 4784 3006 1353 480 6200
1808 1988 3683 408 59 2697 2906 5804 5893 2862 2423 1282 5792 3028 1003 5319 412 3108 5120 18
72 1250 2342 1398 636 5825 1033 810 116 390 3709 5874 3479 2412 2397 5589 6525 6203 2718 5818
3564 5757 6609 3205 2307 2883 5077 6321 4770 401 540 5514 4272 5613 1620 1149 4674 5854 1920 4187
6248 386 1262 1446 3930 5503 4174 620 1276 4426 2367 6283 1512 1029 1939 1611 2215 2892 3566 2488
3564 1051 1915 6319 1259 4143 412 365 4082 1262 4096 5799 1267 4515 19 538 2830 943 4346 5465
2543 4830 1110 1533 4752 1604 1654 3574 5893 1014 4971 3734 904 5503 1276 1362 6659 4615 1786 2233
6327 1 2259 6453 476 4591 4121 1053 2837 5098 2667 625 3035 1344 338 4711 1776 632 500 3947
6567 5902 2508 2908 2384 2324 3951 640 4310 271 2783 3723 2242 4297 4971 4692 1054 1867 6859 1930
1577 2361 1778 1561 4570 2324 4469 5602 2719 5674 4581 5214 4581 2547 4020 4177 2328 4596 31 1965
2006 20 1796 1052 2612 2697 1262 3887 6197 964 875 3015 168 604 1969 6442 5073 924 1030 1447
4096 2791 2841 1573 1699 6083 2983 1505 2592 2139 3521 3804 1309 6174 3667 4647 1679 4097 6064 5073
628 1234 6536 5943 1267 4134 1969 1449 4048 6538 6472 3015 2697 4124 3716 208 5472 1051 2794 2473
3804 3804 6291 2501 6809 599 3341 3030 650 1036 1076 2360 693 4817 1808 3724 6500 1967 2398 5152
3241 5656 611 3363 2788 5874 5779 4830 1619 2238 6050 3092 6823 6186 2397 6472 899 2609 1262 3579
1630 475 5888 348 4008 4607 4715 3585 1511 5252 6512 3170 5386 4114 4092 6791 3148 2842 5907 5927
1722 3404 1326 520 2620 6757 6665 1571 2787 1559 6293 1796 1522 4863 1627 6781 5823 1243 6472 1528
635 869 1625 6253 5221 1018 5849 1114 4291 6366 2234 1594 1852 1342 278 5823 6248 4389 4325 2231
3134 3024 3492 5599 1075 3929 2839 3155 2351 1242 2609 6210 2336 1641 4054 2732 1973 3137 2827 173
6373 638 5269 2200 6809 3781 116 1785 2397 4447 3274 5887 378 1269 2223 4462 1923 1232 2402 4607
4386 3919 4891 1644 1058 3734 867 1778 5786 4745 4670 1171 5656 207 1811 1579 1285 270 4048 2365
1785 8 347 1035 55 2820 5537 6421 1302 5223 5223 651 6373 5886 1090 5301 4392 369 3001 947
1015 2487 353 3363 1278 137 6237 600 4127 4919 1711 1641 4050 2842 1237 2550 842 597 2179 6294
6260 5503 2515 4326 548 605 1291 5214 1071 33 620 2191 431 620 2378 217 2720 2186 1646 2976
4830 6312 6186 3976 1950 6009 805 2158 646 549 2651 4751 2954 1785 3810 1889 1601 1988 3564 5060
4475 5888 3382 999 1208 2387 3204 376 5871 1666 60 2618 676 5461 1570 5075 3605 0 3571 2788
4692 224 4400 5879 2417 4462 6083 20 1110 97 8 892 2259 1503 168 2692 1943 478 4728 2827
6899 2487 4326 2168 1305 2191 5318 3341 1253 60 1101 9 13 4588 1478 4871 6369 2625 3340 1687
2054 5980 226 1670 5485 3241 106 6293 925 60 4591 2827 6484 904 5855 327 2236 368 5657 116
5693 6033 5887 2158 3260 676 2806 520 2487 2577 1589 2783 5656 4501 5820 1036 1243 548 1491 3587
158 5841 4044 1571 2784 6036 1233 1262 6357 643 42 549 898 386 1950 1332 1641 6203 97 3185
2794 1522 121 635 28 92 352 3434 1030 3704 1666 2214 817 2487 146 1255 5530 5156 9 6362
2247 454 5887 1921 4919 904 2412 1262 6211 5214 1523 2423 3238 6373 38 6024 382 264 4508 902
4092 3435 5610 1688 6593 4446 1386 5917 3441 1695 808 2667 1579 6036 6210 5777 4462 251 3804 2039
5275 2702 3804 411 4532 1030 4428 6353 1687 5218 540 4518 3241 1036 1670 4026 5882 537 2274 2894
1876 6910 4540 1053 4462 972 1866 6292 1573 401 1369 6423 4127 620 6209 3238 5370 4309 402 6913
867 5247 1595 6356 4469 2474 6586 2833 1631 5797 1233 2876 3617 6237 1764 4122 1128 2718 1990 1764
2794 1568 2293 1611 1660 0 3896 899 6644 6085 1317 1723 6262 4308 6511 39 6472 53 1889 1238
2692 1880 1515 2213 3724 359 1322 4247 3564 5053 3536 2443 1403 4840 146 5473 3058 4725 5041 8
2359 6484 346 1221 2241 53 1259 3611 1288 5245 620 1443 292 3341 8 2957 1035 1350 2509 1206
2523 1437 6472 179 4863 866 5752 3434 4676 3951 2242 210 5412 3242 167 1594 867 4796 1988 2658
116 5214 2351 2242 651 6327 1764 5768 6334 876 1816 4355 6000 2213 647 1333 4035 2535 1036 2794
2787 2954 601 1439 1811 979 1980 5886 1038 2365 3866 2908 4120 6016 5726 4949 4557 2508 2442 1072
6031 453 3008 4005 1032 2592 1041 5864 3434 2340 105 1698 2592 6211 1306 327 2538 2393 2240 3251
4538 2787 4828 5603 3274 297 6472 5887 3730 5214 659 6273 2330 2692 1219 2359 2353 5084 1058 20
4336 128 1628 479 4830 663 1611 4310 629 6472 6337 18 60 2303 2827 478 60 2229 3253 2103
2364 1197 1302 6279 5934 1256 3705 5189 6472 168 36 97 2374 1248 1628 5203 5252 3349 430 5513
1526 4760 4198 6210 3133 6482 2692 431 4812 2533 2351 24 2819 3008 255 6369 4967 2170 6191 6237
3951 50 7 1908 4244 1242 154 1081 4198 3585 1369 4607 5656 3165 5558 5623 3911 345 6473 327
504 2965 6200 2876 1884 6515 2983 4821 5095 3262 1334 7 3596 3028 1527 5259 6036 382 4498 4438
2397 2365 3927 1460 2937 1072 6484 6422 2842 454 2697 5875 659 4594 8 4830 5887 121 1595 2378
5541 3198 4840 4214 1058 1006 2367 1448 1440 808 6524 6335 2658 2437 2786 3783 224 6484 2186 2274
1867 2919 235 53 536 2374 5723 354 4333 5594 1644 635 536 3564 1533 1687 1182 3911 947 982
6575 6875 1243 160 2247 6472 357 1219 3068 875 6512 2574 1583 6626 1233 8 2155 5755 2592 6785
2827 3232 4707 3008 1612 5610 4073 1660 0 1626 415 4177 4120 2452 1097 6524 5565 3253 1208 15
6627 5490 46 2296 4334 4668 5703 3531 3922 2795 4304 2403 6882 6273 50 3286 401 2509 2718 4312
1475 2262 152 625 647 1764 5563 4725 1026 6379 3767 536 6472 2697 125 6910 3263 2359 1883 4333
5693 6248 5857 610 6104 1199 1206 1465 663 6677 2871 5486 656 2180 4003 6534 6211 2271 1785 2533
2954 6593 5870 5799 425 352 2787 3229 1988 1511 5610 6204 9 386 1781 3241 5685 6278 172 352
6262 1867 6575 3713 2892 1062 4783 2757 1262 51 4458 55 4422 4048 5480 1594 5068 1287 6851 170
962 5613 4139 5881 6186 5414 1311 3955 2254 2167 923 2945 6134 397 549 2643 5768 4939 5119 0
6278 6186 1326 1460 64 3737 4939 2717 2340 1029 5779 5486 1753 4868 6403 4129 3953 2361 4588 6312
2849 2423 2171 592 6882 876 4392 962 5339 1867 2794 904 3253 290 2236 4645 1730 2871 6751 3458
2242 1740 4591 1128 2397 1419 2259 583 989 3498 1884 844 5318 907 1649 1437 4779 2169 6279 4293
869 84 875 290 628 1250 1361 5843 44 1205 771 3148 1317 5537 4010 509 2806 1320 213 3951
5319 286 1753 4068 1610 236 4441 6287 1029 97 1581 2515 1611 5541 2693 2365 3024 6313 4848 363
2290 2871 1876 625 5474 5944 2954 1673 3352 4392 1422 353 37 6354 1393 1696 2871 6472 2252 3813
1242 1331 444 3019 3315 6757 1198 2202 3896 2863 90 856 2214 6785 1326 2247 3 1594 3685 3365
899 5599 4378 6252 5785 5871 246 2033 5817 2941 3357 773 2939 6362 1072 6186 747 8 6848 3969
888 1322 2949 856 2167 2077 3024 6882 1688 2946 1244 2863 1908 5777 5551 1320 2155 2837 6251 6536
5887 5537 2718 0 42 55 3564 4289 5779 5318 3951 6910 6312 60 1244 2588 4591 3781 4591 270
4428 3813 1528 2224 5752 6472 2718 2202 3382 427 5866 3369 5826 258 2152 6354 5919 3943 3035 5978
60 686 23 601 376 6033 5943 4112 4158 2894 3432 4494 1889 4557 1437 4310 53 3813 734 6050
1033 4848 53 620 5068 1058 1836 521 5319 5583 1866 2423 3571 1644 3300 528 1437 4333 4739 4739
5257 1484 4461 3435 279 5230 1029 2787 573 620 2473 5052 5325 1868 6891 3286 4053 2924 1023 5225
2871 5412 2368 5259 6262 4727 6505 4287 6562 1266 6627 160 3410 1865 644 5218 5816 5214 3330 4316
2248 7 1626 35 2716 2044 3434 866 2805 6536 4323 4502 635 6562 4913 97 5765 2833 2103 3
2350 6262 4496 908 4752 6562 3513 1078 750 278 6342 3395 5059 2359 5811 4670 2397 947 2423 6160
342 2427 5881 1033 930 514 3893 1218 6362 1271 1867 5396 4848 2936 4098 1292 4392 3564 3865 633
2487 2247 1767 822 1294 3804 540 3498 6200 6565 1233 6809 6216 2238 2694 1519 4325 3541 1973 1287
623 1912 2234 6616 590 4127 3206 453 2842 4281 4220 1618 4500 5318 736 6558 3986 4957 635 1354
5009 1447 2862 9 1006 4568 348 3704 5325 6657 2830 2267 3681 4369 7 6171 2638 980 1989 3404
1116 625 5113 397 1332 1764 5899 5401 904 5854 6838 1078 5513 6809 525 2184 3624 5934 2788 5493
6248 1251 904 2101 5402 5033 1595 5454 72 2949 2247 3263 5818 2238 1313 6880 1121 1764 2788 536
5841 1461 6757 4441 2963 107 6019 2790 2263 136 2367 4674 4140 427 3145 3092 2747 2787 8 1251
2238 5257 3434 6099 400 5778 2239 2165 5825 5557 170 5 92 6284 2719 97 6592 431 549 2054
6122 4511 1219 4748 1239 2827 0 5421 1868 2856 4823 4355 3203 5503 3274 2101 5025 1099 376 2378
6 5652 5503 6593 2487 1730 5630 1537 4565 822 3039 1291 5536 85 2314 1660 867 2520 1445 6
1326 4392 6050 168 6368 605 4569 1626 6759 2351 1206 334 2894 278 6657 686 2692 947 114 3300
84 892 4260 6262 104 6324 867 4310 19 4670 3075 2901 89 3256 1595 1044 1869 1262 4607 2794
656 4369 538 6823 3010 3972 408 6481 5281 4336 2423 3121 2236 2452 6611 4544 892 1356 338 2717
2335 1664 789 141 565 4538 2330 38 4856 526 3478 431 490 4581 3050 4826 2426 4132 3804 4844
1032 5221 5857 2401 5928 1471 3748 2491 2694 1644 5823 1764 5398 4481 1856 92 5524 3015 3684 4863
5275 6259 5071 83 5965 239 2039 640 6283 5978 943 1821 5725 1221 1033 1285 3435 352 888 634
4462 1332 338 3237 1256 1471 6099 6249 605 371 6362 3092 1595 880 5348 3212 1271 4909 4244 1035
2402 2515 5797 1015 1210 2983 1587 6220 5448 2365 3900 3809 5122 4919 139 2262 168 2384 644 136
3951 1045 5888 4136 1205 3605 6403 1233 4333 4752 2351 637 2871 1302 2732 6484 5928 2912 1694 2109
1024 6032 6625 1302 13 3358 3184 4357 5466 1246 2213 327 5887 3261 2356 5176 521 375 2350 182
2041 3450 105 3123 2842 1537 1904 338 1331 865 1475 2237 1595 324 3734 4469 2722 536 5562 1038
2350 15 138 4323 5704 3240 16 18 521 5440 2592 5907 4238 4289 6186 2290 6562 548 2223 397
6327 6479 5119 2783 5383 869 4333 2342 494 2638 1630 132 1193 4958 2523 2924 4469 5225 2827 4727
930 3737 55 4326 4992 4335 68 5860 4336 8 1708 5610 2350 2830 97 982 1233 391 5374 72
5820 105 5448 2950 5712 2924 2384 46 4830 1638 6050 6369 4830 431 4540 975 6292 1091 4034 6847
3263 6562 1231 3363 1185 1276 3730 2350 6525 2351 5060 2340 435 636 3564 6104 2592 2902 2794 817
4212 3403 5954 5602 2233 3457 6462 6113 6837 5474 3432 68 5 2426 1692 898 4279 6693 1526 3189
4747 4092 3008 1481 2191 1859 6529 1437 53 6369 628 5402 5537 2290 1042 2054 3559 112 6473 611
1306 2753 4293 70 5045 2300 4082 6472 2238 925 635 160 2240 2394 1313 2191 7 1753 33 2545
6031 51 6423 875 264 1354 61 5811 141 1208 1285 3737 2952 3211 6472 5541 5978 876 605 6244
4752 830 1092 3159 1522 6910 6627 3495 1199 3216 5640 2037 4910 509 1072 1033 701 663 4567 5881
6031 1475 4461 229 2351 6525 1025 514 6248 347 2913 2111 1796 40 1338 3045 1515 4375 338 1473
1033 4560 2378 1823 1500 6727 5165 2761 1030 4880 1053 2779 2785 676 1915 3803 6882 5873 3775 5301
6567 4674 6484 817 867 1313 4272 6267 4247 2259 2953 3870 1950 415 273 2806 4216 6197 352 2319
1533 2340 962 6248 322 3919 1446 2488 1481 3587 5412 6354 654 2170 4793 3495 5 1576 1351 6677
1326 4460 631 4305 6754 4213 4683 6329 2215 265 4581 1294 1969 1306 1617 5480 4757 41 3433 4500
5348 2185 6424 3231 4441 5319 2905 4613 5818 5314 3327 2846 6472 5752 947 5816 2378 124 3547 1326
1283 2260 5317 58 6237 1003 2892 4769 5214 1206 6083 5927 1618 4484 6310 3219 5060 5861 1576 1595
1231 878 619 3382 2976 3015 6216 1149 4462 6523 620 1233 1221 968 817 1030 983 4674 694 6233
8 3935 5079 5356 3321 196 764 5706 731 5896 162 5879 3679 2963 4588 1753 72 2236 2351 5319
1322 1030 592 4272 3373 3232 4096 1026 354 3870 2397 5544 1317 2422 1634 4779 2303 1268 6122 2311
2924 2787 3274 1351 4408 2784 3184 615 4892 2423 1767 6423 1450 1026 186 3044 3951 5459 3951 3477
1628 1017 6293 2361 3 6362 3585 3241 760 5467 344 6200 5377 2378 6143 2658 6250 2488 4181 3268
6533 2932 762 2487 6364 1350 4541 4143 326 322 2787 2360 245 2952 1505 4272 1449 1352 1758 842
9 2191 4005 3034 1258 1758 2976 6759 5 5348 33 2543 3116 6375 6892 1928 4752 3298 1121 404
3917 615 2353 6 6771 1326 2543 1231 6373 4747 3028 5887 6562 4392 6373 45 3804 1317 2410 2300
644 6629 341 817 1449 6589 644 3317 5879 2926 1262 41 3274 2619 59 5893 1011 1475 1452 1600
1121 36 1302 1233 2367 4880 6029 2259 1219 5597 3917 772 4475 346 2697 5879 5692 1701 4358 5599
750 2230 869 6354 3205 5957 6431 5557 4971 2397 105 1682 2718 6852 5978 209 398 2184 1375 1864
7 2568 5825 72 42 108 23 5610 4297 554 6451 3036 2787 2837 105 723 4508 625 1060 229
663 1449 4602 2054 5345 1880 19 1915 1600 2849 1505 2236 1268 3513 6804 1492 6472 512 28 3704
108 1691 5387 1764 388 1326 6583 5841 2054 5757 4431 2378 3587 6472 179 5831 411 6278 218 6216
3866 2422 6520 3458 4212 2367 2488 2143 473 1475 4769 2340 4294 885 6859 1233 8 3772 368 4238
659 3525 2397 15 92 3498 2290 173 640 1481 1533 4913 1691 2361 5866 2324 2426 4826 2212 1109
2303 2300 1350 4783 5553 1243 2236 4645 1029 4161 6251 4468 5854 2871 623 7 558 5823 5348 3235
3730 750 182 1923 3276 2501 2225 6803 4225 2797 1316 899 2676 3614 1221 18 2871 6817 3418 6329
3587 1502 3624 572 2806 2788 6536 4497 5473 6761 1338 2509 138 4971 3410 3029 5219 1396 1326 1533
3624 1807 2702 6863 5770 2225 6740 6674 5251 4915 5822 1621 1350 1698 3951 4763 1230 5662 1670 1317
6485 640 210 92 4050 6 2494 1913 4780 2784 354 1973 1312 435 38 4913 141 411 1835 0
2719 2353 2191 590 82 520 172 3917 634 6241 601 1281 4751 5041 2397 2397 6809 1577 6105 892
72 6249 8 1458 453 504 1026 6640 5893 5318 2346 5431 482 6273 1461 1813 1100 2342 352 1360
1502 2165 4660 2622 6429 5743 837 2761 3408 5418 2823 4195 2645 4465 6670 3844 1808 2473 251 1283
6472 4508 164 6171 1785 4469 5755 65 1868 4515 105 3435 1511 628 2238 1221 4241 3058 3564 3435
1764 2446 5799 8 3134 206 2719 148 415 2213 1710 2107 2487 6079 1362 1037 2283 3704 6882 5563
2523 6544 1030 1439 899 5674 2880 644 639 1965 5799 3274 5620 4823 1625 2231 5041 6235 2271 3714
5 625 4830 4007 6353 1247 2351 2372 8 1114 6677 3896 4643 5466 3552 2373 5664 3651 1221 3
53 4977 6036 4468 3803 625 804 5230 5857 3951 368 2340 4310 5793 6890 72 3241 625 4883 5432
1333 4779 4062 454 2952 1699 6780 2240 1730 125 1326 750 2598 1634 6479 4888 1768 2974 19 355
2353 4533 1317 6083 3966 3221 5896 635 2830 5038 1776 4441 1033 431 1764 654 1811 4752 3592 1332
8 3167 5053 2420 1326 1675 1675 6630 1675 97 5014 2787 2892 2913 2398 1666 2833 2308 894 6446
5214 6036 331 1703 4806 2214 5348 2530 15 2248 4127 2359 2717 1611 1672 5739 1504 3969 6588 136
2952 3835 1912 6616 2976 2583 2131 264 1219 629 52 6567 4475 1620 3178 434 668 3587 4621 2240
2182 5832 640 97 2619 5068 1601 3318 3051 3513 1701 3919 1595 5003 1054 324 3035 5143 1233 2167
267 2274 6033 3724 6568 5578 2268 6848 2370 36 1720 88 6031 4140 1802 5811 1053 4919 2236 6362
116 1116 2592 987 2955 5660 6472 3008 3726 431 1943 2247 4731 750 2975 504 2937 4325 47 2217
3804 2359 1029 1075 338 5467 4052 2214 4069 347 20 398 1666 5412 1866 6345 5480 230 3341 1617
638 2223 196 84 339 1250 212 3206 5373 4192 2255 5170 719 276 5288 1397 2238 382 622 6562
3804 865 6 1533 3434 1528 8 2693 5 1326 1350 6292 1571 982 1371 3434 4092 868 1879 1594
1116 5645 1666 6032 6620 842 454 5599 6822 4048 1876 4587 5214 313 3572 991 435 3229 1306 1852
1859 1532 3684 1802 2247 5052 5659 1452 3605 6910 1328 1764 4849 6417 4389 6190 1503 6248 4942 6204
1789 352 521 3202 3152 3035 6583 6277 6472 3434 4419 4395 2397 1491 3433 2427 1018 1286 1630 75
5276 1306 1776 3241 1072 68 5382 278 1559 2543 244 2350 5422 6479 6677 3564 2953 386 2508 77
3369 531 1975 5826 1197 3008 911 6630 6880 5071 6644 2259 520 2240 1537 5318 3632 6644 0 5582
1969 4289 408 2681 3979 2320 2236 5348 1813 173 500 3782 6237 644 3730 6579 3628 1067 5656 5572
4540 72 4668 556 1506 6293 4458 6627 2955 696 2397 4036 1116 5755 4727 6472 6583 2487 4428 5887
1243 3382 348 2693 2346 2724 5541 2191 2788 2367 5662 55 6290 3332 3568 888 5071 5522 2353 3564
1808 50 654 4977 3789 7 5610 3564 97 4511 4989 1644 251 1036 6693 604 2269 1018 2921 4127
1621 1475 2586 1753 4096 744 75 1753 5454 124 5917 6393 5546 3092 1128 601 5370 70 4460 3723
431 2325 4992 6241 5614 1811 4533 53 6913 2851 28 6327 1923 6360 4250 3410 5558 121 2374 1247
1549 1622 401 4288 3510 311 6829 769 994 1307 72 1461 4533 3724 61 5443 3410 1371 4305 1309
4305 605 442 349 4779 33 376 1522 1894 1072 1302 4892 2732 3608 6596 431 2692 2876 5587 3917
170 6657 3263 5954 4317 2967 3035 4999 1802 75 2396 5557 5281 5599 2224 1395 5671 3626 6381 1491
3870 5086 6547 6115 388 1933 5521 2787 5796 640 6313 5018 2214 2546 158 1266 1032 6353 2340 2237
5887 4731 2080 2493 1939 3090 2472 1515 26 213 583 435 3274 1785 344 1767 5236 1611 1915 1711
1533 494 3943 3039 1600 5025 2908 440 698 201 2234 5844 1247 400 3153 5712 3253 2697 676 137
3008 5659 6210 4549 1261 869 1457 4903 5825 6287 2719 4244 1735 6312 3677 29 866 999 5870 6441
6031 3045 2240 2426 5755 4333 28 3129 2169 5823 2721 1915 2263 3804 11 322 2404 1218 2350 6032
1036 1291 1563 601 5071 2335 3684 1025 1033 6580 3870 1764 6882 2054 3891 5656 6285 341 8 507
6029 3097 4015 5655 5077 2550 5448 663 1578 5009 1452 139 2185 4435 1286 548 1931 51 1638 875
6036 1073 2213 2841 158 1808 5882 415 5807 132 869 2787 4234 1915 3363 1278 3320 1206 6527 4202
2240 4725 4591 2718 1003 5610 2509 892 6780 1723 50 3035 5841 2359 6241 186 3274 1221 2846 1660
1354 2423 2520 478 1764 2412 3434 4476 1333 18 6029 3676 1240 235 2692 6197 6385 1072 1764 5579
6627 2488 1577 4445 6186 1275 2543 606 358 4923 5517 1243 4751 6287 1579 6377 5045 867 1512 1018
6337 4030 41 2240 1255 2353 656 124 5598 3803 5599 6369 6734 6521 3535 3635 6806 6386 5686 4289
1220 5877 1742 5693 3571 1238 6211 1023 28 3807 6310 2268 4923 2360 5811 137 2167 1035 5348 6142
1051 6287 1081 339 2212 124 6578 5325 5701 6221 6627 5765 1276 5733 2509 1687 2423 2350 60 5887
5938 2342 1460 4508 1446 5610 2487 4911 84 4912 6362 3030 2724 411 3124 651 1450 2238 1802 235
2413 2247 6484 2239 1894 3028 919 1608 2350 6287 1036 6258 1447 2324 5059 4326 5003 2561 2747 2503
2259 273 869 5503 3035 224 1317 3682 4500 4663 1197 160 6592 2212 4638 2079 6429 8 536 1256
2311 1035 1167 453 5809 5459 152 3636 15 1043 84 8 2185 6032 373 2828 1767 1128 6421 2950
4003 3035 4765 2813 676 4408 4096 5887 2423 775 1687 1371 5043 4005 1044 1595 5859 4763 3917 606
3300 66 2452 154 1372 6422 5009 3786 2788 5879 4903 6848 2294 6714 1644 6809 1326 6211 5080 2263
2236 4310 5962 6186 3723 1133 1512 1764 3433 1326 5582 6761 4054 1688 6472 2794 2351 866 4441 2351
7 808 1243 8 1621 686 4340 5563 1615 644 4976 1528 722 4378 3370 258 2575 3609 3 1884
1503 2437 2788 2240 4997 5319 5541 5301 640 2314 1514 3564 1662 6627 5227 6248 1292 6031 2754 6211
0 1250 5 373 1333 4730 4591 2387 5829 2300 136 415 610 5734 5412 4272 693 654 5392 2783
6327 1079 504 5421 1239 2805 5009 4276 1990 1027 3724 2109 1630 1580 5874 3333 210 7 6204 537
1504 5030 3236 546 3163 4258 5638 2256 1307 5822 1528 1751 388 1484 1504 2544 2667 1483 3944 200
5318 2753 2359 1371 6702 1372 2849 2995 216 6283 5485 4871 1350 640 338 1192 1559 5888 3611 5319
1767 2351 55 1908 2191 2612 1030 2717 6644 355 1526 4538 1950 3320 1641 4321 3263 1711 1764 5841
124 155 1206 2296 5827 1174 4096 3748 5742 5651 506 3954 1071 6848 168 2694 4310 1916 2300 5210
1326 4942 982 3369 339 1206 2856 5170 1656 6253 1867 837 3363 3241 1876 3068 5421 347 1195 3144
6 342 5214 6362 39 3571 75 1694 1243 5 598 208 6558 4763 6627 453 4336 2609 2402 3737
1511 3675 6200 2311 616 6031 5866 2350 2009 711 619 6260 122 1451 9 28 943 3587 5582 4336
1522 354 5421 807 1526 1057 3679 904 1193 605 5212 1866 1069 3965 2620 3966 1533 2353 1727 1742
453 1657 3571 4469 4544 4197 1219 287 1884 4547 453 6520 4849 885 2202 1776 611 1610 168 4849
4826 3624 6142 1645 962 2222 2169 1894 1317 1320 0 1350 13 5009 2509 5797 5799 2397 865 168
2397 471 6838 5669 1764 634 4068 654 3178 2636 2185 2319 6899 4447 6083 4849 5708 3155 5937 6657
3015 2293 8 4563 2359 1255 2607 3291 561 1333 4990 6817 115 2384 322 6761 867 1561 1894 4003
50 1769 2353 514 6 750 1923 4132 273 4731 2236 4392 408 2367 3919 2359 2488 5778 3434 2106
634 5319 1484 5320 674 1876 4413 6313 1953 1466 2584 6190 5666 2265 572 2266 5795 5609 3300 4048
4289 686 1868 6268 5552 2892 145 4769 4052 1294 3015 168 2718 2242 3585 273 3434 6696 38 5214
2340 536 2236 6221 1579 6249 4567 3125 1688 1931 4743 4588 2183 6204 5465 6077 3035 6610 1246 237
610 5414 4765 1621 2319 2783 5692 2314 1318 3917 860 807 1291 6627 5882 962 3885 6855 341 2979
2360 2359 1331 2290 6342 4544 5887 610 2344 6031 3069 696 4433 55 6031 74 1515 4597 5463 3333
1015 354 1281 121 6350 6329 6725 454 4005 1053 4014 2976 540 1898 105 2609 2487 2434 4220 2268
3896 1483 1221 3720 4691 750 6725 1687 2805 597 3082 2158 5225 2247 4468 89 8 4468 401 5041
2225 6354 4815 5503 1438 6211 75 713 772 4456 4053 6159 338 1271 4793 4776 3341 6703 1292 2191
5541 2374 4591 6273 5826 1106 5656 376 3333 1469 3870 6337 4796 6431 646 5799 5503 2049 3930 4849
4325 494 2237 1030 2236 1230 1688 2711 789 1767 2842 1369 1302 3207 476 1998 6255 1043 1688 4331
4310 6685 5825 8 4569 1628 4177 2675 3798 5686 4348 2294 1368 3 1621 1478 3809 1927 541 3961
2342 5333 1723 1617 344 3896 5779 6871 6472 5348 4475 454 3887 2236 2806 1926 535 1884 1292 6036
3951 804 5823 1244 575 1267 116 1221 16 4082 5408 6536 875 3683 4177 2712 5347 1414 5894 4646
1036 6672 3015 1233 2387 658 434 6036 5813 2368 471 307 181 2441 5504 5567 2142 4089 92 636
1693 5878 1796 3477 5834 2750 2878 2819 5275 2752 1332 1025 5546 8 773 2842 3804 5314 595 28
1628 2308 1206 5854 4847 2833 354 2259 6472 2263 6362 6182 6403 3434 563 37 164 15 5485 904
2271 2259 6437 2281 168 628 2340 6204 4394 6089 2050 5043 2794 8 3790 536 5041 1676 1248 644
1528 5904 4325 5844 908 3434 592 1601 4674 418 3907 4848 611 4082 1969 5055 1297 212 3987 402
5214 1618 2697 2050 1197 5954 1052 6283 2313 1802 65 5572 1282 3330 2894 3950 3434 497 2892 2213
2335 2002 2213 1246 5934 3969 5881 1302 4815 2806 1283 2071 1018 606 1023 4333 6484 4197 6292 6705
1437 6327 4588 5214 352 1654 1451 1866 1200 2910 4655 5321 647 2410 5119 3410 493 84 4336 2340
1764 3959 5866 3 5318 1343 5587 1866 6484 5779 2456 5823 1992 2711 2374 1502 2508 391 1035 6657
3020 2364 1764 3418 6200 6266 4005 6036 6449 6786 84 6186 1083 4727 6562 2292 4073 4591 4942 5950
5401 3825 1114 2876 3751 6848 1769 1475 453 4891 2928 4479 2568 1243 6036 1963 843 1475 6640 2423
1233 3263 6472 1035 5462 227 3949 3951 6091 1511 5647 3184 1867 6077 376 6045 644 537 3184 1693
2238 1413 4475 3927 925 904 5902 4371 5656 2054 3798 2892 5690 1051 4336 982 644 4538 2353 5829
5854 6863 2805 1043 5025 6362 5517 5841 4826 53 2294 6315 1950 4110 1628 1828 2787 5682 761 6237
6562 3 713 2785 353 4 5043 3861 6596 6766 3435 3683 1449 5079 5111 6837 2236 6421 5561 3723
3035 2841 2350 4238 3636 46 2423 2533 1264 1058 164 4475 4728 5245 885 2827 2236 1199 3363 2456
1767 60 6312 6716 6197 5652 639 1580 210 3152 0 2856 2794 6248 6837 3723 4977 644 3373 6484
3046 6036 4375 2384 6626 2324 6186 6197 2783 610 5401 23 2576 408 4324 5318 4934 2169 33 869
36 656 218 6437 4177 5180 386 3274 1281 2367 4467 4050 3951 121 1594 619 6364 23 341 6761
2314 3835 5253 2787 2805 2784 113 3039 1512 1735 290 1561 1909 4191 2732 2314 2236 179 2300 1032
605 5796 2545 6033 2572 3513 2876 3585 809 1326 6910 2570 1219 611 454 3683 3713 622 9 4727
4333 15 3058 6347 3564 494 243 4462 1941 192 5052 6422 1934 4727 6761 857 1915 6655 2254 2456
2236 4725 1206 1275 1802 20 2132 5866 2908 592 367 1579 1025 2273 68 6197 3341 209 604 369
6354 2833 327 1206 2787 4220 1720 2324 4971 50 4333 640 3944 137 2755 2212 4849 6565 23 6237
148 6725 5796 1238 2488 5816 1219 5071 1036 5025 6350 686 1000 6031 5826 4207 97 1811 2361 487
2488 3372 2311 1243 5223 5882 3577 404 2115 4674 1452 3724 1071 1294 1537 5318 4922 875 3341 1283
1302 1611 3341 6757 106 8 5145 5292 3253 2394 1666 2247 3434 3274 2783 411 1528 39 5045 6371
635 1504 4939 1512 1533 1081 1719 4569 6266 3300 4430 2259 888 4763 2426 2379 1473 1101 2210 2268
6 4461 6032 2387 2487 6472 6032 2240 644 335 2452 1540 2191 2805 2267 3435 52 1628 82 369
6525 1630 1618 4544 640 59 5656 2487 885 3434 1504 3931 3730 1641 5978 4005 2041 2508 1865 6472
5359 3606 36 2367 2238 1670 3015 408 3435 1641 2495 4392 1944 1989 3564 3902 2719 1758 4052 6472
278 1449 5030 2952 2592 3636 5318 663 3930 168 1246 6278 4392 0 817 5816 0 1559 2359 5002
3015 4008 2319 4054 1033 6333 5887 2269 1302 761 1278 3585 2983 1242 8 6029 4731 6377 5793 445
6262 6913 8 1458 1533 3363 1883 5888 1371 548 3015 1478 482 2398 2719 6142 1897 1220 2311 1796
5888 2351 6124 4959 1029 5319 5873 5849 2456 628 4289 3434 4971 60 327 251 1043 415 6325 2720
1988 686 1003 5623 6677 2351 2716 16 2244 3972 1506 50 1902 2359 3015 3107 3951 3116 2472 3036
1605 4752 4441 327 352 4469 436 5978 1710 345 2950 4014 2487 6311 2173 2359 983 8 4012 1023
4462 623 3835 1696 2546 2592 4840 6293 2303 68 403 431 2718 51 2351 3678 391 1753 2351 4289
168 2280 1464 2756 5027 3322 2949 1206 1796 4398 2568 2410 20 1218 5605 1630 1243 1688 6499 3274
6589 1440 2945 2177 536 84 72 1939 4776 2748 5594 3008 6485 4435 3466 290 6809 3763 605 1489
3015 2202 3521 5541 1097 4341 99 2902 3924 5045 3263 476 8 2982 5318 3677 3394 2749 2535 1246
410 1990 3141 1939 904 1239 1830 4527 2853 1282 1130 504 1326 3944 1576 1864 6249 5796 2827 3734
6809 6369 3404 2351 2356 431 4707 5419 2842 2187 2238 6044 1302 2946 1866 6203 4752 3434 2077 6237
1921 1032 141 2520 5 8 1255 871 3284 2340 1059 6455 2071 6863 1776 1682 18 1193 3432 5537
6259 354 5599 2367 4007 1032 5826 367 6472 50 2520 344 4840 5870 6204 6606 6200 1057 3965 2427
3564 1231 6032 807 2384 55 50 5976 1452 153 982 338 6627 1311 383 1248 4122 1452 5214 2367
3723 3509 3340 1630 640 4561 1533 1313 4197 5512 1043 2906 3711 15 1099 322 4289 2841 1205 2167
158 2410 67 5854 15 3235 3004 1023 2169 2238 1286 6677 386 122 2410 2543 5804 5927 2423 388
4731 116 4096 4379 5818 1278 1219 1464 453 376 6882 2213 4731 36 604 3734 3924 6627 2300 1970
4048 6472 20 1515 4676 1634 6023 3511 6472 1617 6751 6033 3204 5412 6221 2905 5065 6809 403 1733
1030 5815 6216 179 2248 2167 6472 6293 3596 383 3677 4073 4323 1308 1806 5777 168 1221 1333 2423
3566 2238 2239 1255 1364 3369 4310 856 2319 6186 6354 168 1009 1239 9 3127 60 4289 5317 423
2718 634 3015 2051 6421 4462 3724 5943 4088 1600 218 28 5598 2806 1681 2533 367 2080 2110 4645
1206 2787 6310 6882 41 286 597 1540 324 5485 453 1559 1646 28 6615 1072 2359 106 2351 1060
5517 4289 435 1032 2924 5572 1884 4990 3935 5556 1113 94 3995 4687 6083 36 1672 5943 6780 2827
28 1238 4413 402 4024 4982 3568 6828 6128 5713 1214 4929 5147 2478 3725 1763 3210 1938 5773 892
2054 2455 2182 116 59 1605 72 6677 2718 5950 570 6347 1656 619 1302 6270 6032 494 3714 3802
1026 1068 398 6195 1867 28 2263 2240 2934 2667 2247 2313 2267 1033 4012 5431 1727 6644 2268 6312
4082 6353 3137 4326 2592 5318 326 6186 4308 2229 2185 267 4050 4018 2793 620 6896 6584 6153 5569
1276 6360 2223 116 1786 1025 1029 2384 2236 6278 4847 3477 5319 2805 3263 4371 28 136 605 750
2360 1219 5318 1262 4198 1025 4220 2711 4291 4284 5442 5893 4048 4751 1705 620 6536 411 1580 3951
2215 5896 1515 2249 3361 4362 1796 2949 1437 2296 4670 751 1913 3424 856 2371 5033 84 348 605
1687 6819 2225 4971 1043 2351 2783 1029 224 2167 3704 6098 1556 4638 6295 2353 5854 1867 6078 2169
5662 4371 4272 644 2313 3587 935 415 1292 3724 36 244 1266 6031 1077 3241 4840 5888 795 6431
4913 1528 6259 1366 1719 5800 5320 6584 6167 6897 6323 3368 5439 3971 1302 5882 8 1054 3473 3020
2236 2446 37 619 2722 4324 4079 3683 6127 72 1641 2236 5512 2559 270 2177 3723 1889 4916 5873
146 2313 6210 3188 520 2662 6644 6347 2313 6449 3075 1193 3045 1528 1454 4591 1243 6593 2238 541
2784 3804 5797 4050 3731 5881 136 6693 1206 201 6567 6785 5943 5670 5325 5961 1023 2928 6472 4326
116 1259 2269 640 4469 344 5856 4438 865 5566 2697 5856 4919 625 55 1849 2051 6781 4750 6115
1939 4052 352 2488 3462 2334 365 344 2833 257 84 1262 192 4096 454 1182 2692 1014 1332 3679
1317 3917 1549 369 5773 5318 1248 1033 6287 4540 5826 2880 1701 453 1988 6369 5734 3682 2360 1121
6287 408 2976 4321 723 1044 18 625 2296 2850 151 2236 3677 1035 3789 1711 2365 4538 2238 656
1333 1203 2993 2619 3320 2177 3019 6009 4726 1494 3632 6527 2470 3917 3679 397 6373 1251 1753 28
2236 2271 2871 2054 2032 1672 1796 986 1660 620 2426 2188 4355 5893 4538 404 1511 1401 1923 3207
623 1134 1915 5777 573 2236 769 1023 6751 5630 3795 1444 4752 620 616 3951 3584 1023 1884 4604
619 4054 2236 50 2167 2827 97 3377 6373 5402 1522 2487 1239 1228 4079 51 4198 6233 3006 6122
1036 1767 3714 2166 1333 4198 53 4005 2806 2723 1776 1283 4501 904 2195 5954 6562 3683 1326 6362
2101 4581 2827 3723 345 686 401 1266 2509 2191 5797 84 4467 2808 265 3142 3410 564 168 1710
521 647 398 536 3091 2479 1764 1687 4291 105 116 1533 1044 4765 6472 1030 3564 2397 28 4913
1617 1279 138 3274 6327 5 1302 5879 4336 5431 3584 904 1617 3433 3015 327 2242 2063 1595 4957
4863 6031 3969 4712 2365 1356 6186 5408 649 1081 5230 244 2509 2263 3587 6369 3333 273 640 6677
2456 761 286 6494 5823 1759 3450 1693 4408 6781 4054 6083 1863 1850 5824 1621 4333 5503 6267 1863
6515 1867 4335 2711 723 2084 2068 794 3885 1015 4311 397 1449 5973 1035 52 3015 1641 899 250
3145 5314 2103 856 5541 892 340 4324 5829 1198 885 1116 245 1600 6403 3342 640 1960 1475 2559
6373 5317 2367 1522 0 2105 36 1253 789 1044 2952 873 2367 368 2 4342 5129 3846 1817 5265
5887 635 59 4462 2318 3207 4054 686 5532 2783 4352 5152 3197 1241 2267 4122 3896 4326 3434 6032
1475 581 1764 5219 1204 368 1707 1785 3917 3400 2794 3046 1271 4394 1250 4508 1221 950 2221 1237
644 2413 6292 923 6616 4529 4009 5035 1446 3683 3564 322 217 2954 2045 2351 5512 4238 28 5820
168 6138 2238 1375 60 5725 0 4826 3241 1313 4272 2819 5866 2158 5899 2785 376 6657 3430 2387
3263 722 972 2236 4371 2908 5660 5867 1802 663 5978 2636 1943 1251 2238 5582 2397 2101 4469 6353
1764 6260 1512 6204 1796 2379 1711 1941 3023 1666 5322 676 1092 2371 2868 146 1915 2718 5826 3219
869 2105 2849 3724 6781 3235 226 4499 6312 4727 90 5561 1688 8 5697 327 6293 1811 2783 5913
3804 2313 1206 3261 2806 1764 2903 6693 18 6034 5446 2294 6356 6562 53 2365 38 415 1352 638
5230 1605 4581 969 5770 116 536 50 494 121 2794 1246 904 4645 5071 1505 3238 4141 6204 3608
4500 605 3951 1351 2247 6484 5892 6009 1003 5851 52 454 122 5820 1457 538 6237 391 1590 5060
4826 5845 28 2722 4139 1502 62 1988 3363 1863 2937 1990 2952 411 663 177 5698 6491 3973 5548
6248 5320 146 2269 4942 8 3596 347 2819 2361 1519 597 1722 667 2424 3092 2609 1206 3950 3008
2199 207 1939 6186 3820 1375 1903 3711 1808 3936 3070 4508 1643 5825 4735 2965 2230 2967 4949 6567
3564 6882 2213 2306 3246 4335 37 3955 1140 5524 1084 4418 1178 5114 2048 3049 5093 4377 1617 5860
1438 2182 2247 2964 3082 453 6083 3432 356 3804 4394 5388 2852 3564 2794 1291 1173 2344 5888 36
1352 3032 991 108 1032 5827 55 1866 3363 3188 2182 4632 2191 5866 3495 290 6186 2570 5796 5844
592 4591 8 5254 3917 4310 4725 1015 2146 4704 346 4082 3835 160 1148 431 3737 1462 1865 28
5820 1778 6390 2167 3274 949 1032 8 278 1511 28 611 20 4501 5623 4286 4447 3434 1326 4763
5009 123 806 2259 415 1759 1865 3564 2105 3004 4073 4390 1617 6611 6036 5459 1978 6197 1748 2397
4508 55 1460 2877 6373 1571 1218 8 28 6563 1317 5693 795 1251 2423 6567 4462 4371 3274 2358
651 2247 3870 619 37 4813 3241 3965 4965 1950 431 5752 1290 6159 97 2412 6160 1308 2214 5080
3923 2487 5281 4048 2550 107 4408 2950 631 5538 322 1808 3978 373 105 4490 2523 1316 1605 5873
383 4114 3015 6248 620 1646 1053 3866 1253 1238 598 622 6275 4026 6705 1807 1256 925 408 5718
4468 3008 2336 373 2215 5517 1893 2785 1693 6266 2314 5485 1121 4310 2259 3148 6035 2360 2398 6485
6761 750 273 3724 1033 3966 4169 3513 6892 3028 3450 3720 3724 5578 1889 899 3401 2842 4752 1364
686 4256 2236 1326 3008 2955 1234 1097 55 1285 6260 2787 2967 1909 4560 6478 2881 6090 4949 6200
6588 6204 323 3167 5856 37 3682 2869 5214 5630 4085 601 3940 5934 2311 3358 2200 1326 2214 1286
4048 5814 340 1935 2184 3685 285 5703 2368 2530 5740 848 4653 1644 5059 1326 1104 3159 2749 3906
5856 4533 4355 3403 74 3807 5944 3887 6451 4674 1294 1908 4291 5797 6220 6206 374 5230 84 108
656 3349 4577 6754 6693 415 4170 3013 1630 6168 4643 3431 2626 6802 5096 2282 4086 2748 1867 2639
610 2619 2185 3797 514 3564 536 4244 1789 6453 1672 64 2533 2230 2375 2784 1233 6248 3605 4238
601 1014 601 4114 6533 2695 3092 1262 5888 6091 1220 960 7 2199 2841 647 875 6353 2514 6375
116 2533 2618 2236 4510 37 3333 6349 250 4588 1354 6811 611 634 6791 3015 686 251 6091 6449
6186 38 1791 904 5943 5804 5866 4674 635 1990 5755 1218 2170 4580 1605 6525 2397 2350 3951 453
5412 4663 713 5264 3206 2793 1281 1233 1029 875 1372 884 887 1275 4449 4751 6032 2044 5412 4171
1512 3206 925 4014 2212 6251 2199 2191 1221 2788 6036 5229 3813 6186 2359 4177 4686 136 1332 6284
3711 2576 1075 28 6237 55 2892 4538 344 3004 999 3435 4670 2360 601 3866 636 4096 4581 2856
5623 4262 4375 6484 5705 2906 2356 5873 4408 5820 415 348 5770 1780 299 5948 5257 6761 1504 265
435 5879 5944 1556 6163 3300 4815 4871 1969 6455 892 2342 5812 2263 865 2788 2335 6200 528 6353
5214 6339 1789 1549 1522 2236 2221 341 4288 2548 4054 1464 3382 646 3804 5807 1646 2236 1078 6036
5252 5772 1429 1758 1128 3369 5872 51 1291 1579 2236 168 2214 6353 2167 2788 5897 1672 391 1764
385 4069 97 2168 6373 904 5799 60 5882 6312 5431 647 5473 6353 4830 3966 6562 1036 4670 5828
5887 2236 2612 1035 2213 536 1864 1243 6347 2458 2185 5348 6319 856 2487 3361 4333 6353 5325 3386
2342 5844 636 2054 880 5811 3134 2550 1316 1218 6315 4965 5595 2669 3471 3361 170 6312 2949 8
6472 2396 5041 1221 3955 141 1537 6032 3921 5198 1242 2340 4826 2259 6030 0 3969 1592 1927 4117
5541 1072 1121 2270 5674 4868 4515 4272 5924 3462 1364 1758 1621 5075 2240 3951 2244 2711 4823 2280
1512 4044 4355 3571 256 3204 5557 3434 599 1446 2236 2054 4565 755 60 5564 1636 4645 1487 2583
2054 5689 3015 4743 5230 245 3694 8 647 2014 5503 6349 2054 3860 771 6211 2351 1630 5823 1058
1255 1789 5320 4335 2397 6032 4462 5503 6362 146 2625 6032 2293 435 1785 1894 2025 3943 1286 3117
168 1605 5599 6782 28 2952 5992 647 2169 1437 2350 6312 620 982 1769 5879 5820 1808 1025 2314
2351 5816 3528 2346 663 5621 892 6759 3935 2380 4438 5286 2034 3595 1397 3881 2564 1981 4551 2487
4919 1630 160 345 5919 434 5551 2697 6504 202 3085 424 6431 659 3444 5557 6892 108 885 218
3804 3931 3092 9 179 4572 1701 4047 5623 1984 6260 1290 2340 6036 4504 400 1943 1621 316 2954
5954 5160 1504 3027 5844 361 5943 5866 251 869 1576 1097 1581 5040 1369 290 116 6527 3804 6287
2783 3571 3624 129 84 874 4395 2324 5804 2397 3492 6484 605 2342 4475 5307 3975 6260 3917 2542
9 1449 4335 5623 1033 693 2263 2718 1255 3434 984 352 5887 536 1242 4849 5317 3679 3111 6221
1287 3383 4333 338 28 1988 3682 6446 168 4830 5755 341 5317 6378 453 247 6761 1033 3507 6362
338 2071 2976 2515 3813 5658 3238 5595 6553 2473 4986 4588 504 5127 2987 2984 2718 1727 4220 4779
494 1644 1206 1611 6250 1221 3330 663 3207 3068 5370 18 4723 6036 2222 5892 4267 207 6061 943
1110 1909 1128 2240 5824 3730 2360 5214 3916 5815 2384 1015 1731 5318 55 2901 2949 5557 904 2937
6761 158 6562 5261 2717 5796 3035 1364 5823 2234 2365 4816 2718 5670 2910 386 2342 3683 4110 2238
2308 5546 4913 866 5033 2924 28 5143 4310 405 338 4336 4475 2223 1687 5777 4508 520 264 6270
411 996 2806 2784 2267 1512 1617 6032 3263 865 4581 1980 1238 2487 2766 2223 4244 2236 3878 5820
1075 5865 142 1326 640 3986 5557 1595 2325 97 540 1764 3684 1723 1206 548 6124 436 2303 1372
2487 5826 1051 659 160 536 2052 1081 1630 5208 4324 6313 1523 537 4880 2892 899 888 390 2401
6122 2949 3564 2245 344 5387 1239 5841 2783 4508 2324 1029 2398 1029 1233 4604 600 3911 4856 200
2351 4561 2360 400 5725 6 608 1009 6117 5669 2942 1159 3302 4558 3677 4705 1242 1522 2215 5459
408 378 1630 12 5820 619 4448 4005 5773 6773 4625 5275 5314 431 864 795 1537 97 5839 1350
1641 638 5573 1364 1232 421 2296 2080 5943 454 3039 4026 3813 435 3564 6324 28 3382 2837 6472
1512 6033 5954 454 3013 6186 2072 168 2045 4515 342 239 903 354 18 1110 962 1676 3363 5886
5318 2871 5796 5147 249 2487 562 1789 408 2692 875 5319 6192 427 13 4828 1365 3058 504 3944
3870 5318 6206 3737 3 376 6024 1352 1267 6186 1645 2550 2423 1041 874 2426 373 2731 5887 4190
1628 1939 5227 5102 984 6603 1927 278 3723 6627 25 454 6627 5900 3394 1458 6036 5710 1294 2452
3679 1242 1221 392 1097 1757 919 495 711 1196 3545 2717 341 42 5348 2253 6174 2365 2649 4875
2236 6882 1228 1867 1876 6593 5893 595 1033 2058 6627 6272 6285 3068 1023 1081 435 42 3678 5954
373 3434 2068 3377 5517 428 5796 1101 1342 4831 5703 4151 2556 6193 5078 4525 2505 640 5893 6211
4912 9 4050 6277 5320 5462 428 319 4545 1198 4073 3801 3564 5566 348 1338 338 2311 4533 435
5572 68 3035 1634 6562 1333 3241 806 397 2340 1620 453 3015 1250 541 3471 5281 2213 6484 908
2238 5214 4971 1268 1533 2360 4826 1670 2269 1354 431 6837 1333 5459 8 3734 2359 1243 2342 509
1362 4508 4141 1727 146 3135 6513 5333 408 3813 2794 1889 2169 1036 5473 2267 773 6220 431 1672
256 1048 2455 3363 5804 6823 50 1617 3751 2359 391 5804 59 6347 2794 4079 3683 5541 1251 1617
5954 1522 6210 4392 6437 4511 210 892 3435 2361 1281 4581 1990 1908 325 1504 2636 875 1605 163
2236 693 686 3678 120 125 1504 2301 4621 4581 1699 2332 5873 228 4291 5927 44 15 476 3564
3434 2857 2350 6034 4766 97 6369 1302 1096 2361 3986 6520 1344 715 429 4855 6031 628 2636 6253
0 1439 4747 435 6472 4771 1255 668 866 158 1573 1058 6567 2351 3448 4848 4475 329 3981 5009
1009 5401 4123 8 3406 5461 299 4228 695 3942 1330 5925 3041 4263 529 635 2954 3045 6031 1733
6197 326 6354 2719 344 116 2351 6665 334 1693 2902 1276 4202 619 5457 2303 1730 1866 173 4238
121 3105 653 122 1502 3341 2215 6484 5797 592 72 6036 5840 1333 5699 4795 1026 2787 1866 1571
2856 3931 3068 1816 5025 2830 6785 5276 2426 2051 1246 6293 4044 3274 294 1641 5860 1033 1317 713
4053 573 3683 4361 1758 913 1238 356 60 4705 342 4314 5795 3343 5656 5792 425 0 2259 4335
6248 5828 1738 4783 4291 1688 5324 6562 1511 3976 1522 1666 619 6195 5826 1517 4050 606 3250 6761
1611 1326 6197 6610 4692 4644 114 6259 1172 2479 4110 3951 3 2398 6206 245 1621 2719 2294 2836
5825 1696 6809 1320 2509 592 50 562 6472 2487 63 1545 3383 3020 6237 2790 4588 2402 1866 6665
4840 3433 2259 1522 6781 6485 1198 1444 2711 3947 72 2954 5398 1917 6362 3705 4428 6716 5610 598
179 36 6287 1026 943 6781 1279 6614 6562 173 2335 6716 1276 1020 2794 5382 6373 4250 6329 3015
6373 3605 6351 2351 2906 4336 904 5171 158 2011 3497 2236 1221 5119 1511 5582 5825 3242 1311 402
4731 1352 6037 2788 1025 2365 962 5779 5762 1504 1058 6319 504 348 4036 3734 5582 3919 3944 634
5797 1519 2747 4830 1023 866 3433 1796 1611 3917 869 4490 1764 4326 795 658 1670 2837 7 1267
1339 3592 2351 2236 4751 5623 6781 2054 15 6260 1413 8 6262 1167 168 1502 541 647 6200 6525
3389 3677 5656 2952 3020 478 2236 146 235 199 3951 4121 2313 1444 4911 2871 2523 1326 1317 453
4110 343 6473 1053 5064 1206 6644 2983 6319 4336 867 583 5623 4504 3943 1634 1533 8 1339 6857
6472 1036 2274 1894 5041 1570 1279 128 4462 1988 8 536 23 5118 2367 2242 4250 5595 642 506
1058 4348 5943 74 1478 2313 634 5431 3564 676 1332 5886 5656 2360 3896 2617 5893 750 2155 5814
35 4215 6435 1043 6472 2286 2303 1371 1886 5752 723 1009 2847 3625 1205 1333 313 290 5275 721
2268 1003 2247 6237 5642 5816 5954 5441 5630 5243 4071 4813 4073 4976 1025 821 590 3163 2910 3415
6083 975 1969 3564 2130 2405 1072 6472 1287 5578 3274 386 1056 431 4863 605 5816 5752 2880 2783
6186 1537 5820 28 1266 4865 4035 601 6314 4400 2105 2365 2934 6 2473 6083 403 5230 338 1796
3911 6578 4780 34 6204 356 1475 6629 1276 4032 347 2378 44 2718 573 1528 4389 2717 5225 4401
1884 2546 2658 429 6036 24 5737 4916 2788 2290 2784 2878 647 154 2474 3924 5599 4205 6089 563
3803 5870 1371 2359 1595 4409 1698 4992 2466 4625 4430 1687 2906 210 5143 1023 8 5377 2487 1590
2500 5143 8 6403 2842 2342 2906 2361 1029 339 5796 1653 3012 1868 8 5206 5582 1101 4826 604
3008 2215 590 3825 686 1562 1439 3835 4050 2358 2313 1256 6431 1208 2880 1221 3063 6431 9 4310
5214 1292 2722 36 2351 4826 1320 1512 6627 1889 62 182 7 6843 6277 1620 5154 537 6159 6910
605 521 4971 1204 3435 2294 6665 6291 2367 1483 663 2300 2240 5233 6259 2737 6423 6441 3683 1789
3032 380 1796 1133 6186 3477 1267 2717 612 521 401 2718 2916 4079 3624 6567 2488 1315 2236 1172
1243 2410 3498 6567 6233 6060 2333 6472 3435 3035 2242 3434 2692 5887 122 1722 4830 5503 3951 598
869 1253 2787 597 1237 2523 1243 2862 1611 1785 877 2692 5412 1748 6910 536 4691 55 6716 4670
659 4238 5814 4789 6608 3945 4561 1791 1580 2697 6376 2215 2267 817 3 2247 326 2236 5859 1802
338 899 1256 2351 4044 160 249 483 6472 3860 3802 2720 4804 6176 6577 1985 3564 6171 4658 1886
1244 6032 72 3434 6324 6362 6593 2195 3045 1316 2890 4026 5402 3734 2827 401 6362 6677 6472 1032
2692 6199 186 3056 5823 3056 6882 2236 1271 1371 1665 3976 6292 4911 615 3935 3578 4951 6200 734
1600 4674 36 2906 5 2788 768 686 1210 5494 538 338 2240 1056 1698 3434 5459 1246 3318 3532
3809 3151 4769 3679 3789 5823 2976 2247 8 2970 1581 1656 5433 4838 317 888 674 4342 5547 183
250 6910 6200 702 41 4336 6296 4645 6761 5841 3300 3434 2719 6186 3986 3709 2737 6869 311 3345
1081 4326 936 5541 2346 478 278 2367 6267 5057 1448 6335 4919 4058 4102 4355 636 116 4692 251
1029 5582 6197 962 4725 3274 209 5473 625 122 3737 6599 8 160 5660 1319 6841 6136 2283 1581
5623 5811 4341 6588 6287 2479 978 4826 5610 2894 2169 4674 5675 6441 3714 3951 4011 256 898 6315
6248 6369 5039 6031 2671 6364 536 108 36 4247 1758 3204 139 51 2248 6823 1025 4591 1233 6855
1262 122 676 5814 4971 2020 4555 1478 2361 6606 6437 4607 5214 4508 2905 1522 1255 2020 5852 535
6314 520 5992 1219 554 1434 2794 1023 1519 6809 3492 2308 1449 6699 2423 1630 5854 2535 6758 116
1326 6627 6627 1101 1179 6627 3913 6472 6716 6583 2360 1618 2862 1262 8 6349 62 5473 2361 4658
121 5040 5252 6567 2057 5829 6029 1830 3432 1511 6421 2223 1503 6313 5257 6186 5322 2387 1723 5319
453 4981 2334 2749 2550 2178 6882 2080 400 3606 610 3796 1221 4168 656 730 1238 1350 1450 904
5943 1618 947 168 2167 2806 19 2199 4475 5267 521 1072 556 2823 2697 6881 1449 809 6251 1561
97 158 1248 874 4326 1776 5225 21 6472 5839 1291 6844 2842 1707 549 5387 1243 8 466 2856
6780 6579 2788 347 2236 4307 2191 2827 3251 367 72 97 612 604 2340 427 5003 904 2908 5992
2340 2413 6211 3369 4826 4469 598 4714 3826 5125 1908 4670 1698 2842 5225 3543 2296 3069 2034 6750
5752 286 3170 2423 809 1326 23 5 2247 611 5582 2697 2636 5525 33 1748 1331 6836 904 5030
644 1440 2267 265 6761 5398 165 6761 354 2224 3072 1813 1198 355 2195 2692 1811 888 5030 4220
2862 2487 528 3677 2367 1606 6060 1467 265 6606 1675 899 5950 2268 4752 2182 1023 2876 3558 1115
2487 5320 163 5884 2523 602 592 5906 6248 6293 6186 6515 612 3564 6259 1452 2423 1899 6 5348
3341 2238 3482 2384 55 4668 2430 4458 2719 2487 2794 5401 5018 278 6484 5860 2303 1015 345 4483
5318 4122 4323 1193 2622 4492 3418 89 3809 1673 3039 6880 5927 982 6200 2871 396 339 5881 68
1526 2051 1561 2890 1727 5860 6627 2364 1234 1364 713 1074 6209 2910 3949 4563 4571 4055 2532 1186
4849 44 6293 3081 6248 494 60 4358 72 2697 2906 1943 1628 5461 2080 6291 5 3592 59 209
3251 338 2300 918 1195 904 2539 2692 490 6627 5943 124 867 6292 5436 4557 1042 2954 1672 313
5825 2397 4840 4919 5712 6362 3043 2267 3142 1505 2319 1909 1631 3382 867 3610 2794 795 4458 2865
1789 1032 5009 2351 4490 2806 3714 2868 6398 5561 1460 885 1644 2155 1811 6472 3274 2897 492 432
2794 4050 386 3564 401 3564 4366 2908 962 548 4441 404 1705 4780 2191 1864 28 2949 1258 3893
1233 2324 348 1014 4297 229 2240 2236 5461 962 6879 4336 5599 1342 5850 5501 5349 1330 4627 3957
6757 5143 2002 6373 6563 165 6293 248 3498 6186 6237 1302 6657 4378 4746 2319 4546 399 3917 536
6373 1711 982 2747 229 1641 1767 4779 4446 6278 2385 5386 520 2422 2280 6369 3585 1221 6117 1550
4779 1869 6781 3086 3434 5886 2348 3148 3148 368 3432 4035 4272 6627 2351 168 1719 5899 1276 408
611 3134 4442 33 2868 2921 3975 61 628 4670 4471 2976 32 2717 4868 6186 2967 8 806 644
4008 2236 524 3911 5751 4674 1715 1617 368 1626 1354 504 6277 2285 1147 5829 6716 3730 136 227
3564 5866 1559 1366 4740 6283 1521 3450 5606 326 244 2397 4434 5537 4052 36 4508 2303 6525 6340
601 168 2273 2718 5806 1644 398 1908 97 5811 431 1348 663 953 4310 72 1247 5348 1116 3813
1326 1601 876 421 1208 168 1902 6248 7 2783 5689 3027 4167 165 1101 5229 2954 4187 5183 2384
6292 6510 6677 4830 6759 2351 1203 1866 3193 5235 341 8 6350 431 1562 2263 208 1653 18 63
1537 7 1710 4215 41 2791 2313 5752 162 1035 5797 1711 888 1813 3935 2864 1491 2263 3274 3606
3241 35 1785 2054 2367 2300 2784 6562 2658 374 5797 6809 5799 3035 3237 592 1317 2711 2488 6278
6472 6484 1350 2697 1900 1802 126 3207 968 2487 5530 1590 1965 1789 2871 1813 4591 3445 1723 1617
1811 640 1015 771 1630 1528 6032 3541 5811 2268 1694 2804 1894 3058 164 1023 160 415 1420 4186
5887 1302 5402 3965 1206 2787 9 235 121 595 15 1967 2177 1457 4913 3435 4483 5818 5281 2359
1866 1286 6283 4674 6159 5045 4830 1195 6578 5214 3566 5897 344 2212 2535 2 38 806 1262 528
6353 2259 1789 2158 5749 1246 1867 3617 1350 5887 1884 2913 376 41 6781 3564 3340 1206 199 4197
4490 2286 3320 2351 3015 875 5888 773 1795 5804 3902 5503 4826 6362 125 4461 1589 904 1621 1072
2223 3450 1032 4752 2333 173 249 4533 453 3864 2259 1051 3577 5828 5412 5119 84 2788 4190 2698
1758 4216 4310 5577 2708 617 750 2244 2806 1403 3872 989 1036 3723 60 251 3679 6422 5545 2598
650 892 2479 2487 1250 5541 5030 1512 5053 1251 1121 2520 1233 1601 1785 408 4140 6036 5878 6472
5881 5770 6206 1666 3 3053 4048 644 2060 4966 5689 5578 2719 1350 5524 3434 4336 84 1654 827
2182 5943 4015 1144 474 8 3639 6673 4303 4983 4822 3504 3715 6624 2488 1723 2877 6596 2325 5459
2711 5656 5318 36 97 6512 6036 6696 5751 4763 453 2334 4096 633 1091 669 3041 5046 5527 6761
327 1072 2351 868 2426 1029 4003 5443 1044 187 2423 1923 1890 644 6369 440 6117 3509 3435 4336
168 1617 2384 713 3698 2242 3238 6761 1776 3263 867 5861 97 3165 3917 3249 2267 2240 4046 638
1796 435 4763 1890 200 2473 2818 1475 2303 646 6761 3775 1865 6327 2473 1280 3944 4696 5654 2407
4672 1218 6431 2234 1641 6197 84 5214 146 6353 6440 2155 6294 4814 6904 3605 6593 2238 4475 1950
6761 5348 6553 139 2360 8 490 6781 5823 530 6362 3626 5004 4918 2681 1949 1449 6157 2427 3434
6337 6761 2487 2906 904 778 5822 4497 5337 1309 6519 4344 1256 5804 5485 4871 6186 1764 1306 3704
2784 8 1081 3679 6344 1611 1579 3564 1773 478 3976 173 5373 4537 4378 4797 3358 3499 4574 1219
1302 1634 4241 520 1515 5512 1320 573 2397 1238 1353 1786 2787 2351 2949 2779 6455 6 5057 3352
1437 2906 3997 6199 1764 480 1943 4504 5041 378 1711 3453 124 2215 1670 3587 60 4727 2185 1449
5276 3587 3573 160 5401 3121 1364 2488 4206 5323 322 1332 4355 6882 415 3241 6077 6304 173 5944
5610 5887 3092 6031 6119 3015 904 4562 408 5893 1036 5837 2263 5610 3807 5825 3435 2182 644 3092
1437 6437 1037 6292 3883 570 3249 84 4096 4873 5348 1925 1786 352 3678 4849 2 4333 3432 6472
1283 1285 1350 6757 2876 72 3683 4588 5826 100 2237 6275 3564 5465 5025 53 5811 162 1006 4177
168 373 1758 546 4048 2002 435 844 5402 1687 6293 3564 3015 1504 373 3723 490 2054 6251 1228
1796 1867 1879 904 1475 1634 5854 3437 6029 2928 1092 5009 4336 3434 2387 5325 4468 6197 2609 1915
1221 2387 4812 1889 3917 4003 6421 4848 33 3965 1449 6472 453 1452 5582 203 5512 405 548 75
2054 4080 520 6781 892 4783 145 4591 2846 5572 4043 6200 2351 4561 6310 2324 3724 1909 2236 1416
1029 210 5844 4591 3300 650 5887 2718 3510 1782 3235 521 4114 1711 4035 6099 1247 2806 3482 3435
2247 5503 0 1641 68 6677 6200 6472 97 6297 4490 62 1673 2169 601 2827 2794 1101 795 3035
644 6844 1393 887 1203 330 5982 358 4283 4026 4561 1043 4658 1753 2550 4092 6882 3097 3977 2487
5 5322 2321 5777 4942 97 2325 6031 3028 3470 3147 219 2210 2501 6882 570 1276 5990 899 1255
1570 4621 1884 5351 2290 4073 4683 2783 620 6032 1884 4475 4849 2876 5777 913 5794 116 6484 92
3435 373 3432 3241 3917 2976 72 1594 1276 2273 1035 5179 2430 965 4977 2340 1205 1811 1283 313
60 1594 6627 6823 2805 6644 984 1537 3930 2950 5511 6472 6031 1492 2294 2361 546 6260 3150 2238
3587 1354 5786 1740 2818 962 1778 2533 1262 678 2238 1286 251 2805 3035 2545 3359 6389 278 1101
6293 2719 866 2344 338 2384 5654 2993 6785 3734 6562 3951 1559 338 6065 4311 4655 1901 6118 1031
2359 3682 6206 6098 2473 123 5233 2786 2487 1259 1611 1939 5887 5610 6233 5857 1778 1326 2806 6632
1203 3870 1767 3447 2901 415 1646 6421 1243 408 6798 3587 1941 4747 6882 4828 2912 2748 2351 1356
6484 722 3165 1206 160 170 1934 2313 35 2877 1579 3809 1533 6373 3775 60 640 4670 1256 1364
5610 2508 644 1522 13 1475 2805 1963 4696 1244 4127 3710 2748 6206 1219 1526 1694 6403 1570 2550
1068 625 3887 6147 1675 345 4333 1605 3724 6404 2397 1231 904 2303 6536 3103 667 5516 4177 3190
5954 3166 2876 315 1285 3373 2876 3521 3009 4670 619 2394 6216 6725 4441 3090 1876 299 828 451
1522 1751 2950 1306 416 1771 1251 5276 626 2247 2351 3127 439 6350 352 4823 16 5938 2836 2214
5954 2404 5221 6441 2239 6009 2863 6231 899 750 2340 869 4127 1713 4469 1492 2165 2294 1139 6339
28 3434 583 435 3583 5696 3091 4423 5406 6508 5686 6494 1720 4670 5826 72 5998 3224 164 2231
750 3947 659 2367 2360 415 3997 4428 2185 1193 6809 146 5230 2878 1233 1506 3587 42 1646 6249
243 1353 472 676 173 6794 5089 4529 5408 635 2697 5751 3473 1541 2711 2360 1796 3667 2841 1889
4289 4335 949 1233 1283 1442 5572 636 2247 4692 1121 2487 3403 2806 6761 509 5512 23 209 509
4336 520 3969 1462 108 1644 5888 0 5859 2783 92 1352 2334 1562 1023 4670 5797 1413 6279 4475
33 2913 1646 2274 1210 1641 6186 1502 5811 3714 869 490 2242 2247 2902 36 2697 4355 2359 1009
6627 2398 2954 4462 1149 2934 4494 4261 2908 571 6032 2592 352 4788 270 2169 5370 4757 1437 2487
60 6248 1753 4447 2262 6627 278 5623 2806 2350 4371 4342 2185 6334 1444 2565 6583 59 982 2319
3606 5888 3035 592 1093 6455 2426 1522 2296 1280 2946 177 3685 1109 1162 6136 2592 5318 415 2847
6757 5656 6200 72 2045 4094 5310 504 235 3434 6761 1071 2719 1595 3756 323 3050 1032 6119 1574
6329 5325 1237 5284 1375 5276 33 368 2423 1634 1519 2360 504 2397 376 2365 425 5950 1256 5893
5541 3966 2410 4752 2117 2707 0 1333 2501 654 3243 6431 1615 2976 1776 1233 6197 5797 453 1095
3148 5402 4739 1099 5130 3434 5779 2837 390 6913 2340 4651 3525 1036 2952 536 44 158 1727 6204
637 1950 1517 6576 3605 4508 4354 3468 2578 2705 381 1203 2806 5547 4197 640 1292 1026 1333 6562
373 68 633 4141 5823 1511 4494 2303 6485 82 2070 944 1051 1512 2068 113 2793 6278 1605 1688
2238 3091 3035 23 1796 4899 415 4095 4238 2954 1549 1218 1333 146 5599 3682 6255 1522 6197 1521
3617 2853 1278 727 636 6078 498 3322 2313 1473 2906 138 5677 6512 1646 2242 2351 1437 716 2397
478 2191 9 6186 553 6882 483 6757 5396 3233 3571 4355 729 2236 403 116 5322 6817 5281 1302
3274 1776 4306 1025 5448 3587 4779 1867 5219 1320 6472 5239 713 600 6293 1688 6212 6882 2906 6273
2794 4050 4005 5820 376 5662 4447 1452 520 6077 4 460 1904 6253 72 6278 4674 3163 3067 3525
2202 4475 1579 4909 6 4562 2330 1969 6479 4267 1060 2442 2202 6353 3092 1870 5230 1767 4668 3693
1786 476 55 889 1628 2756 4430 2177 3015 2351 405 2928 632 5928 949 720 4462 1802 2238 4408
599 1243 5656 5799 290 659 383 3238 3179 2897 5799 4823 1151 6590 5119 4688 625 4251 3724 2313
264 1502 1233 637 5887 1464 6197 1711 6119 5888 5541 3564 4079 3587 146 1015 1630 1748 1175 3587
6216 4805 5319 2234 1786 5866 2268 5459 2361 464 1495 6857 1594 1218 168 2707 2185 6479 3007 5214
6525 411 3636 5041 5473 6627 6033 4462 1611 3966 2049 2360 6525 866 1915 3035 5887 2426 211 4912
2720 598 6293 4946 6657 1589 2423 3236 5796 2080 3564 3145 5816 4325 403 9 20 2686 1579 6206
1243 875 1247 4812 5904 4364 5917 5177 2952 325 6562 2724 1511 3835 6335 7 637 408 3799 454
654 1865 1262 5943 6615 2488 5028 322 3397 6677 1093 1076 1023 2174 2443 6826 60 5882 2341 962
2783 1627 42 454 4567 338 3382 4136 23 6472 4310 297 5608 2018 1046 4911 1478 6761 6472 3793
1262 520 224 3419 4984 3236 1035 2263 2509 5812 867 633 3678 5890 1879 6292 5436 4826 3959 6596
2238 636 520 2404 5901 5275 2661 1660 4441 2311 2544 632 2983 5823 3587 2351 3035 6451 2169 2842
8 339 493 251 2259 2934 1023 6284 2359 628 343 3256 3975 1271 1193 6781 1460 5467 4468 4110
6882 5656 4187 3153 3410 5459 6562 2054 4783 53 1785 5044 1630 3951 1380 435 1504 5961 1561 4511
6369 376 550 5483 5485 2298 53 5797 5786 72 36 1915 5689 1990 6233 3430 174 2237 693 676
122 5825 3045 4408 5767 4475 2906 1939 6716 9 2351 415 6033 3320 6765 892 656 918 5715 4474
89 2750 6562 4727 866 2509 5348 5318 352 6451 4359 6241 6122 2788 5383 1322 116 636 3813 4408
5473 136 2242 4392 2397 3263 1284 659 493 6327 5757 3307 6899 6329 150 90 563 2718 1460 2609
2533 1076 345 6105 6805 1026 4840 4911 5052 256 397 6757 8 2731 6761 3869 1921 5920 4508 6240
1727 604 5318 1645 5860 6200 3480 4551 6032 5582 1072 1221 5055 1342 3097 3736 2644 1741 1327 2141
6472 3015 2191 2806 5961 5459 1816 3944 984 6248 138 6032 2862 4127 1283 2767 3606 2535 1110 15
3625 230 4047 2367 6588 5566 6324 1233 33 2559 4725 2805 6442 1194 431 1356 6312 6206 610 4852
6439 367 2711 2401 122 1497 2269 376 2191 644 3639 3587 1646 6298 6239 1915 2535 930 6716 89
4003 477 59 856 338 2360 8 2949 2965 4779 265 31 3105 866 1404 1220 18 2487 4698 1299
2359 597 6 2452 6626 1931 1259 1644 6589 2106 28 911 322 5512 1889 3789 2334 1372 28 6627
1262 2568 2697 4122 8 4591 4005 1670 2788 1344 982 4893 3724 1779 490 1246 2002 904 892 3032
3217 6714 5779 1955 663 21 6200 2955 4475 536 2397 1333 504 2324 6583 2434 1886 2002 6427 2173
2353 2466 6757 1943 3450 4462 3804 1619 97 647 644 4577 789 18 234 4569 6848 6345 13 6875
6880 107 3028 229 1646 1302 5030 2268 654 1688 1646 2794 3365 1694 5988 555 1767 6186 1292 3571
5823 1097 628 8 5453 3899 36 435 6823 3935 4025 6385 3161 2496 6201 1169 316 994 2673 6809
3341 4469 2271 1878 3450 199 2724 1032 5572 5845 1646 3734 454 4733 868 868 2905 6848 442 339
2054 2880 869 373 5317 1371 1440 4670 2243 1020 5398 1512 548 3951 6248 686 1670 2876 0 401
1549 1352 6369 290 4849 4752 6472 4919 1446 421 1056 866 548 6292 872 1533 36 6354 6757 610
6032 3525 5755 2747 3 6354 5656 3903 1660 4752 4942 2920 6237 2895 1975 4520 1247 4533 344 524
1515 6354 338 6036 1271 951 894 5366 4148 5127 6055 5704 4722 6158 5783 3564 186 5541 1475 4910
2263 2296 1035 2794 2794 4508 1672 663 2719 2849 1785 8 5804 2360 154 1148 2236 875 2794 173
2902 5917 1444 2794 1326 2722 5927 5818 6353 6796 67 2199 3433 3813 5623 1808 6259 1866 6472 1271
6249 1033 2785 869 1863 215 2324 33 4488 6373 290 8 6585 6292 2332 2169 1437 3564 857 1867
1767 2351 6809 5582 3092 4413 1369 5031 2426 1865 538 6435 3730 1723 2353 2214 4643 4511 6235 498
6329 1058 5214 51 4371 1233 6031 4310 610 4308 6848 2195 1326 4026 5606 1092 6287 1867 2185 4408
6567 5521 164 2609 3382 1879 5223 5324 1502 8 124 4925 8 888 5656 6422 1332 4371 647 4209
1121 5752 1262 602 2387 1617 28 0 1710 6186 6362 6882 1944 6552 3796 2769 3522 4894 1725 3434
2267 1215 2169 3008 5779 4683 6644 8 5629 3683 5249 5708 1808 1791 4918 145 6279 4891 2862 3682
6627 2609 3804 4540 1634 5841 6792 160 4244 373 327 2697 5924 920 3611 827 2934 5885 1512 4727
795 947 8 442 386 5725 2238 3121 37 2423 3008 5834 338 5816 3015 182 1559 1247 3959 97
4272 132 97 4469 1512 1026 1317 2905 368 2360 2268 75 28 4044 348 8 925 2247 1767 3318
1302 856 2849 6 4428 5752 2732 2105 5943 3188 2236 750 3050 6372 4177 5620 674 5333 2 6020
1072 6036 5777 6910 1248 4475 1243 5823 6119 363 2152 97 3537 6292 4590 1723 6627 634 3724 4776
2214 2374 1199 2639 5041 2504 1978 3241 5225 1735 4722 2533 425 374 9 2397 5823 482 528 6773
650 3044 2469 536 5927 2748 3153 1930 875 656 2410 750 5387 548 400 3564 4220 3564 6204 5887
619 5925 1326 2080 1641 1813 2300 60 5829 1333 968 1628 898 5030 1331 3060 438 3270 3607 5977
1778 158 1533 5826 1448 8 1630 4048 5025 0 2693 2263 866 5623 1018 5068 3274 210 1332 5396
5412 626 1504 36 3178 3803 1283 3133 1023 904 20 888 3714 6648 3571 5461 124 808 2988 1883
5566 2242 3 2238 668 2224 4912 2410 6809 4752 5881 4392 2976 9 5071 6186 3274 160 875 610
3008 89 1611 4241 1193 3564 107 6257 4272 3895 4581 6262 1233 2359 2787 8 6814 5928 599 2195
6197 2115 4378 102 3087 5512 5348 6216 5018 536 1491 1611 644 6482 352 1901 6773 8 5781 2002
1723 1316 5098 4273 160 899 6211 1020 3495 31 1182 2566 1447 398 1372 894 5818 867 6838 4244
6373 2794 6910 3068 908 1437 3969 583 3587 2403 2926 761 1776 6329 604 3684 172 3035 2340 4674
5314 1644 2876 647 5214 2236 4458 9 5820 868 1009 5845 2732 51 8 4134 4830 1161 6091 6578
2384 182 5803 1246 3241 761 438 1670 2787 2051 5591 6562 5059 638 6197 2199 4198 4560 4928 5494
6882 3032 2612 6278 590 3253 2351 6122 1035 2769 6429 1707 5218 6627 3015 2247 66 2876 1646 2926
278 1114 2833 3327 1208 5820 6472 5348 6562 2225 2169 1558 5992 1326 4438 28 3685 3825 6248 425
6261 75 3730 1032 2849 4731 1044 3141 637 2236 6237 647 1058 60 6337 875 6794 6396 2954 6241
1237 2259 2271 2878 5818 2653 3605 6312 45 72 2268 5823 999 1275 3340 4591 1867 1560 6757 2169
1029 1250 1867 8 4783 2212 2788 1865 8 131 1950 6657 3721 278 1354 1282 1904 6472 4533 1670
2359 644 1081 1320 80 435 214 8 6527 494 1889 6732 1533 72 5770 1051 6029 466 4692 1889
1867 2300 1354 140 713 5244 5677 6635 1802 1245 1383 1149 6627 4306 6882 338 769 1886 2609 1866
1484 4333 625 2238 6757 1262 5907 1211 2236 1475 6837 36 3564 4739 1776 86 8 1059 5621 693
4501 3051 1930 1504 3666 6677 2311 5825 1246 4475 2890 1512 8 2793 8 5862 6419 2543 368 1710
1915 322 6809 3363 72 6472 623 355 3263 991 3320 116 1332 5779 3274 2913 1077 713 386 4494
339 4372 1294 388 18 6451 3764 6311 1 4625 5615 4333 235 1283 4617 398 5348 5610 634 6515
398 2488 3091 5824 6197 1282 5039 2263 1996 227 619 2051 5348 1020 3450 4008 5879 1029 3447 6
644 2657 2783 3202 6823 4632 5325 4287 5861 4005 4335 168 6313 2892 224 2361 2427 4840 6197 2367
6472 41 107 3495 2340 4251 338 1353 2784 2515 5854 405 5214 6197 1698 6472 1026 3035 5755 4826
2361 365 327 1237 5225 3803 1634 6479 4326 663 1101 6630 5687 339 236 5426 2236 4682 1872 1068
3606 160 2926 2134 2667 5691 4670 3728 1093 6197 1115 5804 2722 943 2882 1301 5242 159 930 3627
72 400 3951 2452 1522 6248 5424 4632 358 179 1742 3724 2101 4911 4526 2783 3617 2701 18 925
33 4490 4871 1030 4376 1908 3015 2989 1067 3 5804 5792 536 635 39 1218 1939 4134 1260 2360
1687 3605 7 868 3547 415 1448 5318 1559 1930 5971 1884 132 1026 640 1515 5539 2834 5975 1025
6275 1969 28 5892 6757 4544 3012 6278 1598 1697 4191 4 5866 6423 3724 3171 2474 2024 4919 6472
5319 2788 1306 3035 566 1026 1511 2136 5214 634 1883 865 5893 4972 4187 2423 3482 773 2236 991
5402 528 1577 546 2557 4806 4732 2875 2767 2285 3525 2365 347 5320 5799 1869 1449 3404 1247 2397
1753 168 409 2247 401 5408 5441 342 2248 2247 6895 2333 8 4782 72 402 1720 2210 4281 1528
116 3241 6 4371 6536 2378 1802 3724 145 2387 5815 1442 5214 5261 6354 173 1251 3015 2391 2120
8 1299 6373 1442 2319 2957 13 6273 2529 4688 4830 2787 453 2784 2303 1573 400 2101 6204 4529
72 4670 2819 4511 1210 1939 635 84 2202 3951 1498 2849 4499 6479 5593 2130 640 1236 3035 4238
1208 1018 2612 1884 1243 453 201 6895 2047 1444 1789 6809 4085 1262 353 405 1865 1354 5846 1641
1789 2365 4776 617 2952 2694 1354 773 5431 419 1884 2850 3711 144 8 6447 324 2360 2862 4840
1802 6186 1023 592 3723 0 1025 3040 1032 4989 1026 4475 1652 1458 6677 2787 2692 1221 2397 1449
6031 4333 1283 6354 6142 8 5747 2931 5969 1998 4867 6610 3155 4326 1215 425 4114 523 1053 865
1326 2184 6659 1969 889 2993 368 4751 5587 1317 1617 1921 4479 904 2794 892 6259 4995 4731 2397
338 1618 4384 6103 1654 3410 3886 4688 556 3728 1247 1032 1446 904 3 4591 2946 1326 8 827
3710 2401 5623 2268 1251 3564 84 168 1280 3714 5775 1511 4136 1037 2523 2268 3804 5503 6036 354
5656 6220 4289 6354 2949 663 6427 368 5009 3724 4441 453 72 6036 244 650 3564 408 2456 5319
1723 1511 415 5907 3532 4214 6032 2423 15 236 5537 4433 6293 1110 6204 2214 335 6437 5892 4621
590 5587 3477 5320 1533 2374 3031 2871 5610 5214 4623 1326 44 5414 8 676 2169 6278 1641 3263
5214 3923 6578 5314 1311 3053 4989 2267 124 1372 5098 2244 1232 3363 270 1206 2827 620 4033 2412
2787 5431 3435 1326 415 5572 2212 98 2906 1333 5943 1753 1515 4438 767 1760 3877 5835 4149 4881
6186 4288 1449 4540 6298 14 2397 5842 2022 693 5359 1085 4238 4272 5402 991 3088 2720 1146 6831
1446 2757 173 1473 6287 1517 2983 4127 1577 5497 861 5239 1036 3178 1026 6757 6373 5854 548 2240
1317 2365 4326 5811 338 8 5440 1251 1880 3619 1287 5461 2503 2693 3155 1517 4336 5517 1646 2711
5804 4241 3015 2808 2787 205 1989 68 2353 245 5512 1262 865 3015 124 250 2976 1193 5040 3090
5544 3385 1866 3547 6119 208 50 2054 6199 6220 2192 4823 6757 2874 2858 64 2908 2263 5630 5820
2784 2906 3106 347 3682 21 1595 3592 186 322 2438 3207 2827 2794 6910 6313 2214 1251 408 1912
2263 1644 2365 5781 5873 5318 2488 6910 1864 380 3058 975 656 3452 947 6612 2426 411 5517 1611
888 1051 686 4934 72 619 4691 5319 4870 121 2240 1043 1776 5045 5854 5275 6337 425 3679 8
3068 2210 1556 537 2788 5218 6327 2934 4355 1473 401 411 1458 1350 3491 435 5448 5843 33 2115
5866 205 2169 4468 42 3712 6848 531 2892 2954 2805 1515 5307 1300 108 5599 1870 1448 1219 3774
2236 1723 6206 2361 18 1802 1617 4287 686 2894 5608 4333 6204 5755 2693 610 1655 2262 2857 3870
3683 5485 4247 8 3894 4725 2487 619 670 5823 913 116 1533 3184 2300 1219 3804 6339 2642 210
3724 3870 3434 2487 558 4326 3238 1789 4540 1350 5276 6644 4830 2300 6032 2351 888 3848 62 4092
146 5402 2784 2192 3930 6278 425 894 548 2515 1266 1723 1808 2294 1710 329 5176 2294 4394 1533
6484 2550 3624 5971 1660 44 1579 1556 6627 6237 2887 4670 456 15 8 4126 5916 33 601 3951
2240 121 1035 3951 160 1656 2978 3475 672 1023 3141 2236 6062 141 1043 3163 6232 681 5021 4114
6237 2808 6259 5583 3704 3241 2470 2300 5269 2892 6441 2080 1789 3382 5583 18 3601 168 1889 2344
6657 4400 6583 4306 5259 644 224 570 922 5302 2752 5348 6 35 5843 339 4177 4509 72 5623
1693 6050 2543 5558 4826 108 4573 6337 2787 1601 636 338 434 6079 1411 3449 617 2697 4038 6248
3969 5927 1893 6345 3391 5214 1448 2747 4324 875 12 654 2856 2247 2068 3300 5777 2353 1009 4375
5503 556 1512 373 182 390 6519 1023 5052 632 376 459 4645 6119 1106 2214 608 4008 5792 4772
509 338 6759 3571 4092 2895 2423 2210 1939 3564 4462 5623 6233 2499 887 2271 4499 5803 5378 2353
3341 4008 1350 3404 3564 566 984 4540 1029 4289 1442 3429 1915 239 637 1870 888 644 2616 3678
3024 353 36 2398 598 4044 1515 2643 5732 240 5001 2640 2478 2475 198 1594 3813 1764 1785 869
3802 5820 5214 1470 6472 1884 2975 2191 3035 388 8 1748 2523 3249 3804 2976 1666 2422 1101 6838
1789 466 2842 3666 97 5314 4497 5252 2164 4591 6761 6562 1350 454 576 5119 2913 6275 3241 1030
4469 528 1735 6188 3575 3202 3513 1032 4727 2314 6283 6610 2410 2722 620 6381 908 6579 925 1504
338 548 28 2 2913 256 168 4371 1727 5119 1128 3361 4581 4783 3263 2692 4279 1502 2236 2635
5804 536 3529 250 8 3241 5804 6 3606 6860 4919 1533 6079 2089 2431 1878 6362 3596 4475 3734
5823 521 4535 5823 1747 1796 2908 116 947 4933 2210 711 145 57 3382 4218 408 6436 4484 3402
1748 1354 2781 53 6324 3711 1235 693 2041 1233 1262 1611 2259 3263 6287 6844 2493 6817 685 2667
2794 4751 6200 4096 3333 5075 3134 5240 3013 4676 4773 6342 416 1172 644 2609 4826 4826 3571 3951
4289 5820 1054 6327 2752 3107 3684 504 5938 5387 6588 1290 1879 3010 6376 628 5473 2550 6472 2806
237 3434 6292 6558 6032 1852 2892 504 1085 1945 6783 4354 684 3522 3818 338 2954 6891 3624 8
1533 5893 2319 2827 1519 5003 107 4324 2263 4303 2314 4582 1251 2236 2787 2247 2523 3025 5474 3917
4731 1657 2779 4508 2359 4054 365 3677 2262 1255 5904 2718 620 6244 6334 1437 3495 170 1350 160
168 6362 2231 53 5075 5009 817 431 867 1255 4783 3943 5832 4392 6685 2248 6362 72 4823 1291
6759 1310 1255 3460 6880 576 390 4467 1693 4552 2603 1026 290 2324 3015 6036 1449 3681 1221 2616
6248 6284 2346 3532 6761 535 3476 1889 1850 3713 44 4739 2805 875 2351 3579 3008 3274 820 1533
6536 1356 251 3483 1628 1561 5893 1151 72 3207 168 5814 5183 2212 199 2231 6690 28 5348 1990
4752 2724 4333 3015 2293 5777 4012 6823 6287 2051 647 4725 1354 36 5814 4119 4849 5595 2188 5506
1594 3951 4468 1438 6210 5230 2223 5212 1093 2025 3596 4635 33 5884 1326 90 2894 415 6620 4627
541 4532 5823 6434 3318 1722 5301 1483 1627 6029 4581 5239 2455 6283 1503 6593 1969 137 1060 2717
1326 1262 299 6033 2236 4169 33 6195 105 3564 4177 4931 558 6052 3148 3617 5045 620 1565 2536
875 1038 2165 6292 2168 663 3207 6142 1808 2401 1044 84 1025 5824 3263 5483 4050 3112 3097 6109
4632 390 1275 5878 5460 4408 6910 6565 549 6251 3241 943 4626 3913 2591 4987 6472 3683 5261 5610
4779 3359 1483 2892 3019 6229 1035 3808 2248 2711 2961 867 400 4434 3724 5057 4227 1138 6789 289
390 2037 4731 5459 3950 867 861 2247 75 5789 6259 2745 1915 1628 2268 6644 867 865 2300 3866
3184 6422 5421 139 644 4099 1943 1915 5401 1961 386 338 1292 2856 575 5043 3574 1782 6615 4517
53 2311 892 2719 1287 2365 3206 1447 4187 892 913 6455 1093 614 322 6910 251 4540 29 3972
6484 3046 536 6452 1764 62 865 5009 466 2342 4120 265 1450 6780 1239 1068 2805 1350 140 644
97 2938 3263 4289 5770 2874 763 3412 6316 473 5356 6178 5857 4333 347 1251 5904 28 4250 453
2732 3580 3564 3573 2294 4501 6472 6249 0 875 229 2718 1263 1541 1320 480 5826 4764 6237 620
74 2101 2722 4247 3238 59 4005 3804 1462 4674 1530 5104 5318 962 74 2757 2919 5777 494 4508
1634 1283 6327 1274 4333 5084 1332 1600 4244 6369 5980 5319 913 2489 4105 5360 644 4959 620 2515
373 5281 601 6514 3545 989 5811 6091 207 5578 1101 1221 771 5257 6580 5749 3198 5816 3208 3705
1867 1018 158 888 5214 6211 6204 1737 1967 5473 1687 5214 540 398 4591 3235 2191 1894 2173 663
2794 6353 5582 8 1364 541 3775 2533 4336 1281 2833 975 6024 5823 1110 1499 1195 1764 3677 5511
4324 5610 5827 2955 72 51 5517 1141 659 1694 6759 1256 3241 4094 5894 415 1237 6032 610 6258
807 3951 2394 4127 2483 6291 2783 3020 327 687 654 6372 1326 5938 3730 2293 6679 3206 2283 453
1549 5887 5797 1235 676 5424 1029 5224 4419 1785 4048 5887 352 1243 338 6828 5325 4148 2859 2403
4751 5804 6250 37 4659 3068 2921 60 633 2342 352 352 2921 2268 5823 3679 1889 1311 5154 3683
1504 5893 634 6536 1035 3772 1237 536 888 5752 3943 1710 4216 4668 1461 1032 1285 5837 3943 2788
619 4688 1751 3666 5887 6036 4527 6638 3727 5429 6201 6025 6864 7 4518 1014 2509 3564 2718 5854
6036 1453 5319 1003 5752 2169 1018 1883 2361 6322 1618 1316 6536 3039 121 2078 6362 1352 2426 2576
6627 2934 33 3015 640 1522 5333 5441 4525 6364 4026 2880 6472 5892 548 4752 3 597 676 50
4008 453 6124 168 6036 3683 6479 5068 2649 5233 1206 5461 6797 3609 2624 3237 6073 3237 3651 6044
3738 3923 2 2425 3723 4238 962 524 2214 656 1299 2186 1018 1864 3944 4140 637 2722 6279 339
5223 619 601 4823 1230 6260 5307 2169 1033 4854 633 6422 4826 540 5059 5541 4110 6817 2488 3813
72 656 3714 6758 3636 5769 72 1367 160 1326 6221 1243 72 5494 5143 4674 6604 6757 1870 2353
2692 6262 5461 1348 6 4336 541 2236 1037 1675 2666 2268 2674 2983 2747 1611 1248 2697 5315 4740
4971 6472 5866 4531 19 6261 2225 3383 1031 2359 6200 1630 2954 3035 1950 6292 605 5582 6294 5856
1326 3450 5318 410 2576 1255 1714 160 6 536 1232 2131 1351 4871 2833 1227 4846 2054 1986 6665
6809 1672 3 632 4913 2908 5113 1219 1915 3274 2473 875 6312 2397 6237 2591 1294 2359 5967 352
892 2340 590 338 504 4615 6324 3435 6353 348 347 2718 2401 1251 4358 533 1372 5692 168 686
2410 5512 6204 4763 6757 3015 378 53 5887 5827 4400 1448 1511 1617 1666 6536 2482 5412 2732 4213
5799 3203 38 3714 644 186 1328 1076 892 2313 5878 2364 3219 1285 4691 3804 1477 2924 3683 1630
1326 4336 5218 2783 2280 5183 1326 4067 6421 3951 1824 4392 415 1283 435 1866 663 5578 4740 2367
2236 2202 2269 52 887 5854 3947 5493 6375 179 4089 4760 6230 2609 90 124 1029 3575 6627 656
5551 4363 3148 656 4731 5485 2069 5811 265 68 3127 1864 6186 5389 6186 4047 2351 1601 435 3900
640 1032 1878 1053 3382 6644 1893 866 536 1317 5799 1693 5183 435 1439 2115 6562 1058 4469 2329
947 28 84 435 2195 4096 4221 1594 3363 1326 3363 1660 2976 53 3564 6251 536 1277 3679 6296
2324 5893 3274 2735 1316 6512 4823 5218 98 6278 2949 4371 348 4913 2924 1811 6249 2949 408 1882
4766 44 6910 3458 4289 904 3218 817 1230 2367 4035 6761 2423 1060 1246 598 3605 5064 3274 2880
3969 4354 1646 5823 5978 2370 1116 6572 6362 6501 1620 6895 4948 1287 1326 6186 4504 5881 1611 4291
1353 2908 8 6724 16 4475 105 5333 15 1561 2247 2876 5822 4053 2651 3564 59 72 2054 5375
2274 5978 3734 2397 2263 1219 1462 6202 2247 4371 1219 6032 1484 148 6324 4467 5223 4008 3068 5860
6248 278 3008 5459 1326 1287 6838 2976 4475 5333 1148 2412 1449 1967 168 4990 1366 1908 2863 6299
1929 6472 2351 1043 6204 4974 4773 4100 1693 3152 108 2365 1205 244 3044 1693 2290 2370 1688 6644
286 3798 4475 4670 3127 2263 24 2526 2914 6032 5464 353 2324 6354 2546 6031 5235 1030 4739 3678
2878 6319 2546 1271 2752 634 3450 4508 3680 4632 2550 4751 5804 3911 1350 3447 6036 435 913 1204
3434 36 1439 6327 2340 376 6294 6849 1894 5276 1781 2199 1764 1950 6273 570 6567 270 2523 4674
1867 4508 6611 2191 6536 6030 5941 3564 2185 2057 1071 2895 6185 415 6515 1033 1193 3434 1117 400
4508 1884 4399 771 2908 4495 6421 4823 676 68 3363 866 2691 36 5503 5065 173 6278 6 1767
2794 97 36 875 597 1320 137 5276 1253 1561 2238 1121 2783 2488 4096 1880 6216 4830 3870 5886
2862 3022 4826 3032 2247 2238 628 1512 4392 520 6757 1243 644 528 3810 2842 390 4934 2147 1758
4670 60 5214 5599 1302 1416 2954 887 5888 2240 6562 4050 1522 1081 4054 6031 6139 2341 5421 3032
2877 410 2460 1267 5770 4806 6583 947 644 6288 5300 5362 1155 1785 2806 5025 3141 15 2365 836
6224 4079 121 2202 1464 398 4919 1205 904 5239 2234 625 1687 1522 6479 1812 2717 1504 2319 4475
1015 1879 3734 932 6771 251 1618 3944 1641 3714 33 1133 6754 6267 3951 991 53 1502 2856 2951
1506 116 4310 5430 8 4441 5874 1764 4333 3564 1446 2906 354 6761 4096 3572 116 4458 1670 8
1072 2236 158 2805 2215 1227 132 466 6266 5893 6212 97 1718 6695 2752 1326 5041 6112 4432 6679
2236 3716 3142 6703 3564 3552 1927 1268 2340 6083 5674 5752 3273 1630 5314 3723 1630 1628 1789 2236
3678 2014 3008 1526 127 5820 97 4971 1143 2725 2231 3184 4500 6186 1133 254 713 6160 6337 6848
4003 605 6204 5152 4336 1645 6757 8 587 5899 6025 2697 2377 1326 97 6353 62 1528 3605 638
611 4458 4468 1237 6186 3274 4495 327 1233 2787 1796 344 1290 597 1141 2794 6353 2054 4565 6025
962 3951 2199 1262 656 2006 398 2960 5337 4172 6010 1937 3434 2915 1991 1866 5917 208 1233 1939
2247 6186 7 2263 5752 1638 6237 1457 3724 1916 6484 1326 3587 647 5768 2115 3737 8 1590 1827
2717 4751 2473 6629 1693 3065 1326 620 5000 2974 2949 1867 2199 2191 1449 3495 3008 6725 3207 344
1239 1449 6567 5065 6761 4591 1889 1560 2351 1533 1290 5854 656 2908 6677 6451 5052 1897 1606 6391
2314 2787 3587 509 6313 2878 6761 6122 65 2862 2350 4446 3314 1326 2054 3173 6032 4962 1563 2487
1018 5866 2535 4849 6421 6855 3951 3394 2397 833 327 401 1267 2487 200 6472 4326 4035 2247 1915
1656 352 136 1618 5219 341 2238 4913 3134 3473 4579 1630 2260 1052 1615 1939 2410 1287 1441 1116
2360 3605 1333 6606 8 2393 9 6353 1618 592 6910 866 5566 2711 3770 1989 42 50 5553 453
962 173 7 1339 4837 1632 2416 2621 4823 2240 168 5408 713 3238 5120 686 2311 345 573 435
2794 644 1618 4044 3394 4706 9 2719 1233 795 5823 8 4581 5737 1248 1026 5755 636 6197 2169
6206 5239 5826 327 2239 5315 1559 1522 2878 1333 6644 3092 5665 3951 923 5322 2845 1636 2651 1594
5992 3899 6757 1515 2950 2377 865 204 628 1221 5021 4469 525 4083 4306 2238 4187 415 500 2115
3959 1193 3035 5660 2523 347 3917 1576 619 5239 16 416 5336 2417 3045 3564 391 6761 4056 2185
3263 1239 1345 866 6339 327 619 2387 6350 2846 1076 1710 46 600 410 3083 5257 1460 3475 1670
605 1618 251 602 581 1306 528 458 2369 1528 625 1030 3585 639 773 5887 344 3035 6301 898
72 635 8 2747 6593 3363 4336 5878 3028 1993 2426 67 2658 892 36 6033 2559 1233 3434 3093
24 3714 5854 6009 4433 3241 1894 5826 5227 702 97 745 2401 5641 4469 1748 2223 6404 1237 1798
5623 1276 6759 1036 6518 1233 1601 1033 4668 1214 2294 5841 5337 2954 5887 869 6237 1071 199 2397
2787 2280 6472 352 6237 1305 2312 888 4508 6036 538 6104 5765 6823 5827 3564 1511 4129 3011 531
431 107 5558 4581 1890 1291 1029 1333 2359 2856 2794 3624 2592 3434 6466 5009 1515 446 5066 3296
1927 6138 1237 6589 1502 4508 2592 644 3141 2500 288 4670 3575 2787 1285 4321 676 2854 2806 3434
5656 4494 2236 15 1687 2378 2747 1333 2592 6260 6324 4291 1149 5820 28 5225 4651 4731 0 35
2259 408 962 3333 2719 2934 3015 138 16 1032 2550 45 2182 610 2429 2745 4310 651 6248 3008
2905 535 347 2214 1941 4336 2163 2259 5887 4462 4871 3513 1614 33 3904 5792 3724 2213 1242 1333
1884 3031 3311 4535 5913 1764 1023 509 6882 5230 120 1630 475 5412 3 3246 0 325 3776 2693
2263 1354 1205 4371 528 1302 4593 4823 3092 2101 3683 5214 4355 3178 4390 1694 6910 5811 2806 3957
9 1939 4371 6910 5059 1043 1723 1649 2260 6249 4068 5214 2101 138 2827 2185 6913 3838 374 6373
1723 659 5398 2977 4849 865 6472 5274 2236 2068 4707 345 3035 2308 2794 1657 4272 4848 7 1688
2269 2707 72 3015 784 55 2934 1811 4409 3318 5606 4408 4826 6738 3896 566 3955 5223 5724 2697
5059 6481 6434 353 1605 2842 6200 2247 2926 1204 4127 3537 607 6281 105 9 1221 1653 6255 5562
6292 6643 5317 162 2784 2240 5428 2488 1277 290 4324 2167 619 991 632 1620 1302 634 520 3895
6353 37 6844 5796 3944 2303 755 620 4202 546 1931 1727 160 1023 1243 3564 2524 2231 4035 425
509 1081 5261 6353 2002 5823 2836 6296 1512 6083 5656 5978 401 20 3581 259 1693 1372 4830 5467
6472 2259 60 4692 4522 138 3775 5818 500 1869 1058 611 4461 2191 2508 3015 2479 6677 72 4244
354 5768 1371 6174 5995 6646 6202 5040 2367 264 6578 1058 5557 1870 2068 5254 5841 649 168 760
5888 5752 2515 4871 1317 1333 4214 408 3705 1072 6031 5332 1076 2319 2954 866 520 6472 1219 1940
5823 1738 5623 142 5325 362 5230 2473 541 3511 0 1029 326 243 1796 2427 1475 50 6481 3961
3015 875 644 1562 2195 3969 4141 2263 628 4197 626 4766 1038 6759 4849 42 84 5823 4096 2925
6757 108 2732 2351 4499 1522 2259 5494 1459 84 6505 4008 583 3606 536 3807 124 1452 3053 2423
6268 6036 991 5238 5461 3279 4008 338 1244 6185 5398 1032 1753 5009 4336 6260 2757 68 3911 5752
1208 5225 1283 3587 3242 6852 2077 6644 5599 4876 6197 4942 53 521 1290 5512 1072 3434 1571 1029
1796 5032 160 6261 4028 6500 319 396 5319 6472 50 3063 2913 5582 6837 4244 6259 4458 1449 5881
5823 1006 5897 480 88 6434 869 750 4725 2487 2722 348 663 5770 4912 4371 4849 3363 5943 1
636 2248 2294 1018 6317 2222 2535 112 619 4272 4731 525 1036 4780 210 1253 4044 2191 6186 3723
6373 742 2054 2223 3835 2784 3434 1730 2833 1767 1571 2611 1899 1386 5485 2351 2787 1029 1033 1879
2794 6237 1128 5816 904 53 3015 605 373 5318 1464 1711 5024 6200 5529 6527 631 1197 1101 6186
650 5412 2360 1197 23 2719 656 1343 5792 92 2378 3636 4279 5025 5978 1273 2397 3 1764 2836
4763 3102 1206 1092 338 3165 1437 1029 1026 3572 3256 5358 528 792 4810 1958 6373 1666 28 2263
6353 1438 321 1040 1208 4166 3008 1984 2090 5461 301 967 6140 1243 1133 3155 2367 3611 2236 3204
4863 5521 6197 6249 3966 4749 2717 4783 2263 105 322 2783 158 345 4670 3809 5935 2423 8 1611
6627 3969 6074 3263 4978 1767 6278 1798 2509 2080 2414 1515 1266 4449 6634 1630 3091 892 4164 5903
6124 2 2359 888 3682 6349 2711 1025 2242 53 4352 4899 338 5682 6262 1764 5587 4848 764 1097
6273 158 925 2115 1120 1580 603 466 5219 3587 2271 5393 6373 2783 8 3571 4783 3683 619 3545
5402 5796 1811 5887 84 2334 482 1339 1779 1030 6032 6677 5594 2849 6562 6567 1278 5040 1262 5530
3734 0 4560 6098 2424 13 1043 5823 453 4475 1631 3241 4468 628 28 6293 2427 4508 5049 3953
625 3490 6032 1882 3724 1646 2619 644 1030 41 6364 2905 2361 121 1723 1504 625 991 1813 6588
659 1465 3205 173 2224 4933 2312 1255 4834 6186 2620 1053 199 1660 1595 4490 2862 5319 0 865
6403 77 2787 4992 5076 400 4306 415 1785 3682 378 1630 3917 3035 4008 89 6204 1628 6292 2420
97 2 5658 378 1437 4913 1657 2794 5610 67 6472 2361 5674 2238 6671 2 3235 2239 2407 594
28 1206 1035 2365 2044 2788 4899 2862 3011 6263 6644 536 105 60 2319 3035 1864 50 2718 494
592 2313 4047 549 2391 4508 443 1352 4177 404 2718 3006 984 2953 2658 397 1512 6312 610 146
1670 2290 5421 2493 663 4535 28 2290 36 3683 625 2215 5599 2901 2236 650 1866 4508 2404 2876
2410 6206 3724 2842 494 4187 100 4430 686 5561 5827 3400 3804 6665 4809 6262 5825 1026 2707 5797
5582 352 5412 3724 5068 1317 4714 6536 6596 1473 6662 3012 390 74 6248 2473 400 5927 20 1288
7 730 327 8 3720 229 2274 3723 5792 2718 3145 209 1247 2488 4335 3035 3318 2487 3020 5814
1562 5816 6266 1152 6910 0 453 3069 566 1622 6819 5820 5878 1522 0 2788 4134 5799 5887 638
1193 2479 520 5879 4140 3008 4134 6147 2937 5512 3678 3605 2236 6469 4752 3318 2054 1053 5825 2365
2271 5825 2921 401 6484 3008 3961 306 4881 5512 528 3887 6 1 5068 2543 2 3587 1823 59
1248 1478 3341 528 4014 5873 2303 1354 537 1326 4053 3730 1025 2470 4469 4823 5071 2509 4751 5178
1533 1032 5317 487 3724 4775 5378 1484 286 1545 1867 4763 1044 1687 869 2830 872 2162 1072 3976
3434 251 2546 6293 5076 41 1549 544 6884 3944 1751 59 2787 6627 4692 1060 6210 2305 6216 28
6627 590 4621 345 5975 1148 122 3566 644 6185 2402 1219 1020 2952 369 686 2169 2324 6369 6312
6627 6422 4289 3976 3253 60 75 6237 1599 6031 5071 5825 36 1326 1915 2718 3521 6882 6036 3253
3564 2618 2707 4568 4291 1894 1260 5041 3495 4419 55 1033 471 5623 435 2552 5221 6259 408 635
6472 5823 6 3363 264 55 1785 500 4515 1268 2456 4079 4544 6284 6197 2404 2426 2787 1617 148
490 2880 1035 4366 1785 5318 201 417 1867 2609 1594 344 338 6809 6241 173 5820 1044 658 4310
1758 1237 2949 2753 5866 3541 490 3541 2423 6340 2269 338 1133 33 4676 61 4220 1869 5820 5605
3965 313 6342 1276 4336 4508 354 6615 2786 4024 5425 5578 548 3947 2585 1970 6487 4779 1182 3975
6211 1921 2827 4911 6210 1519 4408 5 2806 5587 4728 3605 2360 1634 4950 1881 4053 345 4283 237
1199 2184 3674 2924 3666 6375 3919 6186 8 2052 1595 5578 5820 1035 984 620 1691 6294 2022 3564
160 96 2360 3606 2263 4651 3734 3679 1688 2805 3030 427 6644 4913 2361 2280 6869 2986 6631 2818
5119 3495 4753 1802 28 3679 6785 5448 1809 4241 5656 3241 5068 1512 2730 5927 9 2791 6293 1899
1003 158 1857 6578 1029 173 3219 5269 5792 2967 412 1239 1921 6792 68 2422 2976 5953 1292 5816
1072 1727 5071 5177 2649 2273 5494 1644 6369 2237 2786 253 2080 2327 3105 146 2165 6031 68 521
2311 5779 2350 4800 33 3166 6472 1594 5804 2707 1564 1028 2054 6573 2837 4591 5678 4826 2238 4371
2856 5886 696 2 1032 84 1036 5630 636 2535 1309 3730 2412 6275 2374 1037 661 4469 1342 3612
6757 1286 2340 4508 1036 4543 3959 1206 3453 2340 5324 89 5318 41 865 2236 4601 9 1333 1883
264 1262 325 6248 1614 4048 2806 1036 5820 1796 2849 4779 5498 2487 3397 537 8 2303 5882 549
1748 5887 411 1255 2506 3724 376 1560 160 5820 4747 5907 817 6851 4526 6657 2080 3044 4400 4163
6283 2240 2609 168 4462 3928 182 2399 5887 6293 2213 5906 1263 4362 5917 4458 2787 2191 2491 686
5348 323 2350 1051 122 0 355 4694 573 4291 2926 345 6848 2147 1221 2488 162 4141 3666 5906
29 4533 6575 1350 1802 6515 4538 1916 2248 1802 4073 6429 4391 6761 1014 3886 2234 368 885 6757
930 2711 2300 5844 5485 5253 1133 4857 55 90 5156 251 583 1219 1309 5005 278 6284 405 5053
1092 347 4496 5183 1216 6589 1884 76 1644 170 5398 5803 3917 4428 4971 1075 504 1821 5660 1784
1193 2841 1319 3585 2181 1299 6657 4727 2442 1283 5901 5716 28 1617 668 4289 5610 2260 2247 42
1438 1440 2101 4035 1512 4826 2697 3256 6621 1744 4509 5417 1034 1988 3564 4823 4127 2341 4504 4913
6337 1193 1644 2718 1262 2719 635 254 4840 5 3625 5893 6862 5158 5865 6556 276 2976 6327 329
3333 6239 28 2236 1618 4054 3055 53 3564 5796 1621 750 5561 2957 3015 5893 1620 6206 125 6757
520 4408 1023 1101 2224 4310 5866 5887 528 150 632 1884 20 5314 3005 338 6036 2044 6407 1512
1889 2628 6251 6312 4501 6880 1504 2361 484 5931 5826 2149 1869 1221 23 1326 2374 3900 6122 3435
33 605 4339 6102 3263 2236 904 2851 3870 1243 3969 3365 1248 1219 2718 6259 4515 2169 536 101
1215 5811 646 338 5562 319 3472 2367 28 736 6031 5948 2794 644 453 97 5954 77 3369 116
4475 4490 5687 5040 3564 2842 6211 2051 6031 4989 2303 509 5656 6228 3363 3019 4386 2360 5816 509
715 6337 3683 1722 6031 6 3513 867 1320 6371 237 1354 435 1158 3146 6627 1352 2427 2241 1206
2397 4826 1278 1264 3723 4863 1101 3432 2259 5512 42 4003 4508 6611 4392 1230 53 634 348 391
4069 1156 6248 1866 4198 1092 6657 897 5547 5909 175 2033 1326 2702 1938 2254 1301 1249 3809 5439
55 3803 6 3731 9 1785 72 1372 1625 2350 2658 1939 6809 1894 3804 2269 1449 6403 2280 256
6563 2975 5561 4335 97 1557 33 4608 1243 4490 6376 2215 5043 5749 3532 2398 218 3605 1576 4581
1672 2906 6319 37 1601 5582 6562 2054 2303 2871 1675 6310 620 2905 6527 4905 2238 6689 6293 5563
1221 362 2260 1326 4913 4031 1248 68 4447 5485 6 410 2678 3956 5583 592 2783 168 1038 4336
2805 1262 476 1511 1506 1764 1076 2238 6370 1116 5542 2589 2017 577 3288 3746 6500 2582 1831 5390
347 431 18 2695 5888 634 5 6657 6350 2238 913 397 4325 2105 42 2707 5818 1670 65 6614
6036 6292 2630 1831 6384 6599 60 3510 1114 4771 4856 5480 5687 2077 2308 5572 138 6313 179 3683
750 1243 1232 4709 2183 875 2324 3564 1255 347 2612 6485 2359 947 1354 2927 5071 1446 6284 5582
5656 2214 5650 1864 3704 3010 36 168 250 6329 2046 3587 620 2379 2842 50 892 290 3679 2456
3477 6439 6677 2906 6334 2926 6910 3462 4211 4170 5658 354 2350 1727 5874 537 6596 6157 1511 2794
5820 354 6186 46 536 1247 4333 5573 2340 5907 3433 2236 6703 894 1148 2876 3434 2236 2833 1912
2259 1032 4220 15 6078 2488 6562 4725 4783 2378 2398 2880 2487 4073 2924 6091 3917 5296 3389 4079
2184 6373 402 2985 2592 1522 1246 2242 4017 4475 5697 6 3775 28 5405 4069 523 1723 2406 490
663 3606 2158 6421 5465 346 1558 1675 3432 4830 3866 2237 1969 2365 1106 3008 2374 5943 611 76
5927 3943 3951 3919 1583 1029 4177 2844 5037 1097 3045 1033 4026 3068 5917 5545 617 6354 6210 644
6350 5866 3541 4244 3682 3394 4972 1262 5319 168 400 1802 1045 4496 6260 5704 4156 1660 356 2296
1512 2185 4332 3714 483 152 6872 3029 65 6314 5917 2237 4538 341 3341 2849 1939 6644 597 2365
342 1324 640 6248 2351 55 4958 1791 4674 2365 173 1935 2886 6398 2011 5696 2621 6871 3141 454
601 2242 4358 4518 3564 3575 2788 2378 2343 2880 1276 4046 3606 2784 6031 5819 6575 1579 651 74
5820 1208 2342 2783 1283 6580 373 1446 1558 398 1009 6604 635 4447 4783 4026 2987 3432 408 625
3734 5662 2169 5461 1233 28 3928 1350 5820 2794 1291 2488 2841 1767 3040 4234 28 1291 4394 1531
33 5770 1767 3571 3554 6290 923 5478 1408 2696 1371 6159 4581 868 1219 303 6032 2394 2885 3681
5512 1228 1333 3263 3373 1776 1009 5302 5541 5893 3720 2718 3513 6362 4883 3687 1950 4916 5986 3866
1009 1504 1759 2293 2124 2350 6472 1506 6260 1808 2240 2784 1670 431 3155 1939 8 1444 6472 338
170 1193 5757 911 254 341 411 2169 344 6032 1246 4977 3368 2214 5358 29 5599 5541 6169 4479
4291 4591 5582 1206 3145 265 4674 2820 1595 3934 4670 2827 5623 3021 5261 1449 2238 2335 3564 1461
2987 1748 5816 649 6848 1718 663 3969 4981 2248 2995 4447 5485 347 3435 1969 1627 1522 5218 1058
398 3363 80 1682 6659 341 1867 2398 4727 3363 4627 2719 1317 6204 5040 1870 6249 4668 2165 3274
4134 4357 6593 1322 2842 0 2274 4828 1950 6809 1811 6817 536 3256 2533 703 538 1131 19 8
2213 6287 1722 6354 2236 2236 5724 6339 3418 6627 4839 1032 5777 3581 6312 3917 55 3734 0 6455
536 693 2374 3592 218 5572 1018 68 1973 5230 338 325 55 4441 352 3737 1556 471 1618 5322
4508 5887 1690 1237 3326 1029 338 79 4936 2949 1915 1789 2954 342 6580 2051 1740 2718 869 5893
3564 2303 6484 5485 6437 2638 1595 2025 1789 2404 1239 4659 6200 3470 179 6889 4121 4670 2878 3624
2006 4352 6627 686 2426 2628 1726 2191 1122 173 8 2249 1133 6893 97 1233 3532 207 338 3947
3382 6337 496 33 52 904 4048 6237 5658 453 3831 6575 3133 3947 2360 2876 4408 6693 354 98
6132 5893 537 2598 5325 2868 2409 2910 3475 3418 2236 2142 2300 3333 5892 3092 1971 97 4892 482
2350 3274 2718 659 3714 2876 6655 123 1243 2805 2224 4289 2341 2608 158 3263 1811 6809 3382 1611
4475 6362 5572 2784 2240 573 6472 3235 542 3869 2967 663 427 1464 4244 2787 1618 2610 6031 1072
168 6293 4355 5779 6287 4871 454 23 5485 3008 2836 6369 4632 3235 3724 904 3202 6586 2293 6204
2374 182 2002 3434 619 6078 1233 5503 817 1595 401 913 999 5512 3804 2400 1020 1332 2908 1796
4751 5954 5164 632 0 5566 2214 5107 6220 4726 2805 490 5860 3585 3624 5064 1595 636 5814 5572
540 638 536 856 235 2787 2238 2300 9 2806 386 3369 3724 6485 4907 2217 4621 6571 4715 2876
991 2849 3896 5547 2890 4863 4490 6693 6751 623 3373 1540 6593 92 2346 676 2247 867 4621 1595
4122 751 5861 2366 6507 5424 2823 2199 3617 3564 4177 2182 3596 5557 953 869 2628 6241 2379 2934
1101 611 50 6224 173 410 6060 1447 97 1698 2397 2423 2191 5804 3737 5503 1333 431 6472 2351
1102 6314 6277 4783 3803 5816 536 2342 1727 327 2628 5826 3917 5685 6817 3834 1808 482 5412 1068
352 2692 5490 3 638 3914 4164 6593 4044 5214 6354 60 5318 5757 2487 6377 736 919 6788 1170
3008 1031 1528 5315 2783 3134 1030 1318 548 5879 654 2360 1292 2290 1256 982 6327 5098 592 1618
1753 1283 1033 2322 514 3435 4670 5792 60 4949 1915 636 5595 1821 6204 2451 4054 2 3611 90
2202 5873 5561 1251 6211 2370 4375 2719 3564 1759 2195 3624 5881 5656 543 4094 5605 4693 5241 4005
601 5986 6689 1654 2533 3206 6271 3919 36 1326 583 0 6334 2259 2719 3775 6562 1350 2168 0
3870 2718 2240 1266 3024 5225 2262 1204 2787 1503 538 408 5841 1864 2950 4933 1256 6138 1672 6611
36 5881 6809 5561 2300 1748 904 3019 2236 635 256 6127 930 5860 6259 3923 1061 2236 4068 1116
2954 2401 1006 592 3952 3724 1670 72 5755 3434 2260 1219 20 2934 72 494 6327 5857 1630 3035
1595 2087 6262 5557 8 5119 3723 5517 1233 55 4110 3564 509 4780 1893 1035 5405 566 4468 2294
635 229 1333 5412 1621 4120 4120 5396 1085 2618 6599 1018 2426 1044 6468 514 1206 5882 8 1827
1522 2397 2242 820 3125 3781 3896 888 4413 2442 4863 750 5844 5770 5113 108 2783 514 1764 4826
3434 1333 1023 542 2236 4535 4823 3724 2520 408 1832 0 46 2877 179 5792 6197 3666 5882 1764
604 6473 5697 2720 2240 2319 1026 2401 4048 90 345 2269 3730 1371 5566 1723 2890 2717 1023 3068
3022 1036 122 633 2931 907 881 323 5459 5524 3564 3495 2340 1906 1785 72 3738 1237 55 97
4392 1866 1533 5796 4522 3899 5752 36 1506 5281 2842 620 4892 6237 4416 355 2608 2423 1372 3058
1110 5212 4779 875 1239 5887 1867 2863 2711 3435 1023 521 327 3571 4050 2442 4422 2658 4580 6314
2350 975 5 1672 1478 8 6644 2313 408 5935 2719 2294 5874 1764 3724 4169 619 4958 626 13
1311 5098 6775 1283 8 3587 6206 5876 2171 4310 3256 2508 4727 2101 1617 401 352 6277 1269 151
3564 1247 875 5860 5025 4336 120 1371 4504 2353 59 9 2038 524 2238 5594 1969 5431 2223 8
2294 4670 5777 6262 1243 2794 3092 6583 116 4668 3397 2417 4604 4336 1275 2722 1915 3432 3212 1786
573 36 2404 5887 1963 3434 3127 3434 3924 2236 4892 1081 3572 1283 865 4289 5537 6693 1618 2905
4389 343 2697 2214 631 2148 2564 5309 4893 1794 1991 5168 5557 5765 4378 5448 3813 521 129 2906
122 5811 5610 4828 4840 75 6848 6119 2077 2388 1233 4508 5658 638 6293 676 60 453 3596 2788
3678 3415 5324 2487 4501 6665 5316 6244 2303 1503 6421 332 338 6 638 4847 136 431 2805 2452
1023 4950 1688 1526 552 4740 6899 1332 344 1354 179 5899 4110 2905 2191 2269 1644 4515 3896 108
2236 3400 2267 6369 4441 2224 5402 2234 612 2365 4692 1617 6371 3624 1621 4441 75 408 1433 4588
1528 5230 113 1512 6197 2051 1653 2787 4674 611 2397 6095 6233 235 4209 4848 2697 6404 2240 1251
5839 2359 6472 6376 3966 1354 1006 6211 6073 344 1276 400 1023 5358 4068 2342 3564 654 116 620
