345 8 1042 6458 504 1237 5281 2880 634 3015 1326 129 2258 1262 4008 1672 146 4350 1767 892
1730 1300 2397 2 5261 4763 5820 353 8 44 876 39 2236 490 676 597 408 6031 1796 8
6097 1072 105 5267 1626 647 4296 1567 5219 28 4508 3564 36 2269 528 2210 4526 1243 2711 5768
2607 3678 1326 1354 5245 644 4295 3969 5471 5749 2240 1764 521 4740 592 6342 5521 4220 4220 1653
2423 619 2397 6781 20 6484 3207 4670 2410 6210 23 1670 3370 5610 1748 4865 628 5917 6160 3682
3795 344 5578 6342 2568 5451 6237 1018 3917 1807 1199 4433 2892 1626 4668 2871 4752 1449 2269 5660
867 6644 97 2787 408 3024 3951 5325 1670 2924 453 892 3804 5814 6472 4751 1036 2054 3944 576
3062 2836 5336 3617 1300 8 29 2842 795 2351 2247 4171 3412 3943 6032 4505 4692 20 3435 867
84 1503 1035 4604 3682 2191 108 2364 398 182 6036 97 1594 2787 1511 3564 1813 3932 5269 116
4977 3435 5826 273 590 1036 1097 3432 60 1561 2885 6482 3572 576 945 3274 2845 3579 5794 2794
1332 1802 656 2228 6216 482 537 5854 2397 199 3251 145 2274 1866 6072 1889 1133 1511 5230 5348
640 168 2592 869 326 1870 633 2238 2268 2926 44 4604 4818 6310 97 1912 640 5662 3606 6472
2236 6171 521 5724 5156 1348 962 619 1950 548 1193 2259 2954 1231 354 2693 5866 620 5348 628
1950 1504 6369 663 5978 44 358 5214 3437 266 234 1621 2269 46 273 1030 5348 1475 28 116
97 3724 5615 1306 2924 2711 1352 4177 2238 2259 3035 3951 1035 1802 5659 4241 1025 3976 6036 2351
5926 1930 2924 5582 6823 1038 2805 1688 6033 5827 3724 108 2397 1617 6817 1350 1036 5755 548 4371
1511 4333 1813 5726 4919 866 5823 4700 2240 1072 1644 2290 521 2924 28 8 2170 5938 6186 3965
2238 1051 0 8 1068 168 4008 230 521 3976 168 3 6031 1248 605 3564 168 2247 1035 3274
6562 358 559 6657 6472 1032 6251 3677 1193 1250 1934 2294 1332 1723 2263 2191 1283 19 2908 173
562 1032 4751 7 2783 3585 182 4234 6186 72 2267 2240 8 5557 2924 23 1332 8 2319 5457
3965 6197 103 4670 4008 2280 2925 3015 1789 573 4638 1989 5827 114 108 1237 2692 9 2805 6329
5424 1764 4971 1451 6472 566 2340 4674 1514 6797 122 4796 1478 3232 1710 201 90 8 2239 6895
105 2269 1313 750 2924 1503 5572 266 6520 5656 2342 1511 1894 5541 6677 5317 4909 1072 6032 386
2533 475 6657 4731 3035 3382 722 28 3241 1541 4241 1356 876 4780 0 2717 521 3603 1072 6353
4913 1582 6249 0 4005 1452 4904 3434 3024 2952 2908 108 2259 2487 2269 6369 1281 68 5927 5811
2691 2306 5829 4826 168 0 1262 5214 5537 4068 6032 5214 5659 1570 2262 19 5348 3032 3605 400
475 4508 5348 3341 112 4241 5826 5059 453 5214 640 1437 619 1776 1290 2658 1594 5656 173 5318
4865 1611 3564 761 6036 4293 6512 1688 4289 3363 3617 6032 2236 3495 1219 1014 6562 635 644 6211
6484 5319 3092 7 2351 44 382 401 2568 2924 536 6031 3724 141 3566 1930 2949 3943 3300 1193
3564 5269 2139 3704 1751 1326 3564 3724 6036 1036 5656 4008 380 6780 925 4024 2718 1243 1493 3300
84 8 5934 2565 4752 590 4008 1859 1866 59 5321 438 6562 1796 5553 28 1559 2397 2791 5512
6124 1291 1675 116 1075 605 2244 1889 2878 1802 2533 5811 4751 7 2294 33 362 3951 1587 1634
3564 400 2787 158 4740 6296 537 1594 1533 5844 2191 4725 779 3434 1302 97 1727 644 4971 2269
326 2410 5724 4561 1032 4691 3809 1813 3564 3403 408 1371 4110 2203 33 1594 1317 59 1332 1504
1237 1251 2099 1511 628 869 541 97 1644 6147 4239 1260 97 2269 154 1249 6216 97 2827 1631
6032 1333 5823 435 5348 3737 4177 2912 2342 3919 36 97 345 1354 540 173 20 1446 6324 5755
6031 379 2361 6036 28 1036 4475 6345 5485 5314 4234 6248 5214 637 6589 5218 1670 431 1205 116
1193 1350 105 478 2543 1562 5171 5659 5387 2238 327 3564 2402 1590 2191 3587 2359 5214 5823 2874
2967 892 114 2341 5823 2236 875 5245 2409 6329 6186 342 5043 1646 4621 1921 4690 3241 3495 6362
2259 2473 327 2608 2242 4114 3734 1595 4752 2269 521 536 1018 2353 2783 5854 1332 97 4469 1723
6206 5537 6327 1556 6910 2300 6033 3035 1478 3274 20 4029 1670 6571 6310 1290 2791 5319 5582 5768
327 2827 1594 1317 2427 6200 4686 2340 2360 628 2293 2924 5802 1594 3636 628 4054 5690 2236 345
3943 1072 2849 1030 885 6472 89 6237 5448 6248 1072 1036 2658 827 1283 2791 3434 490 4751 3951
1660 5749 345 1075 108 400 2718 6036 6 3917 69 2951 3972 6472 3015 531 3239 1601 5223 1611
3274 4469 3397 2182 0 4008 892 20 1306 541 21 1883 5348 5775 6536 4008 5214 6369 4826 904
426 0 5768 1029 1594 2342 2426 3241 562 97 2351 68 1025 4238 1672 410 3435 5826 598 2711
438 6562 4725 74 2240 68 3435 1233 4288 16 2169 5901 2697 6170 3870 2784 866 6204 2237 6373
4046 5874 6472 4919 7 744 1101 1438 425 1691 6757 1322 6211 6472 4863 6289 327 1522 2101 8
2273 1018 2365 548 2397 1206 3258 6539 33 4751 5045 2495 2238 6197 3246 3764 1326 327 3965 632
548 415 2880 97 3724 3333 2280 1025 2784 2361 1522 36 105 3238 4326 1356 1036 116 173 13
1522 1687 2849 2473 6089 2269 15 5377 5893 590 540 3734 5223 3513 3813 8 4728 1758 6627 5902
5030 72 541 4826 1076 253 2952 4533 482 6249 521 5459 1559 4358 5823 3435 2333 18 345 3813
3930 397 3617 4553 182 6484 6310 4333 1634 3363 1206 438 6312 6627 4475 722 2269 84 6203 72
5609 5448 611 2849 3495 2012 2342 5656 6036 2618 4725 369 2361 3724 1522 6657 1571 2360 3564 2296
5459 2240 1628 6362 1130 3952 2552 6472 5866 1030 2370 4691 3035 6434 2678 391 3683 116 2783 23
2145 1343 108 6677 521 4606 453 482 3363 808 1723 425 619 6809 4008 8 4015 1243 6627 1036
2240 0 3870 36 1036 1796 1504 4763 3947 2397 1594 644 72 536 2783 3564 1308 28 1248 5656
6032 947 1290 925 3677 693 520 3341 2397 5818 3341 4462 1018 415 1880 6458 6210 6297 5610 3435
6472 1504 2236 5978 1753 347 108 6364 168 425 6031 4053 388 5888 1117 1767 562 338 1522 1670
1193 6431 5018 1687 3724 1464 1727 1452 36 338 644 5935 2487 2756 8 2787 2783 5009 456 3382
2906 2488 6124 2783 2397 3434 6249 4475 5318 72 1644 4241 1813 7 404 6760 4727 8 1670 4847
1558 5348 4917 1076 2350 2351 3899 4511 3434 5749 327 1943 1072 644 1237 6472 6 338 1654 4441
6910 2054 1533 5314 1670 2415 1939 3203 2303 4292 326 1796 4500 235 2501 6527 478 346 2169 1025
2254 6514 5 2351 2319 100 2779 5893 5866 2263 650 5623 5846 1093 2236 1036 4481 5053 1326 1243
1605 1449 342 789 3498 632 5857 3466 514 2191 2247 2351 1967 1528 1638 4509 3914 541 2351 299
3934 4729 1077 1537 5781 5348 2274 4438 352 1205 6627 4769 1470 4430 1921 1884 1644 637 5512 1939
5541 1193 5325 4092 509 5818 2853 865 4752 1302 2351 482 146 6200 5318 182 5537 2294 1239 6197
380 9 5459 2269 38 4342 2247 4333 3738 1243 3015 346 1641 4483 28 548 3564 6313 541 6283
6122 3606 1767 2217 5293 1672 1015 2191 4670 2351 1035 6525 1503 1618 637 2423 2397 13 2313 2749
3127 3382 4326 1764 92 6458 75 2921 28 3951 2783 1869 1302 1057 1470 5897 4668 3577 3035 2238
6578 2274 6 1594 3435 3959 1018 6083 1764 6567 888 1068 408 168 1326 2234 105 347 2401 4533
2191 1594 6211 570 686 1438 6036 6848 2330 6373 3263 4674 8 3369 2191 4238 1796 141 39 1030
5689 1290 875 5214 5877 3606 3035 97 1963 1018 1326 327 647 141 3572 2856 6197 1006 475 1780
635 6578 1287 3107 619 4591 4326 1206 644 2342 590 5259 4054 5225 62 3561 6171 5656 386 773
6 6533 6031 6627 199 2483 2340 124 97 1727 2364 6403 2051 2212 478 380 5223 36 635 435
2487 358 1043 2397 1688 6126 3008 5214 5656 2423 3870 6372 4008 4753 2262 1033 2972 3141 3367 1221
663 97 4469 4350 2841 2350 36 345 3509 3730 2359 1036 7 3724 6204 6809 5656 3318 1260 354
651 1023 3 6248 6578 4763 466 1767 4134 6809 2711 2371 1614 6266 141 5315 1710 546 1356 33
2926 2658 520 1038 5009 2350 5537 4692 3435 1288 2722 1331 6248 2269 345 1930 4752 3 6031 722
1874 2178 5030 610 3068 4288 1215 6780 1250 509 4779 2806 5820 1559 2269 6458 4198 210 382 2821
1332 2177 6539 1727 4727 604 6261 4335 2427 46 1017 2351 8 1032 5214 2242 352 2351 2247 1262
4766 4823 6362 212 2280 6293 6809 2247 1802 555 6032 6310 0 521 1522 3687 6472 925 2827 1730
224 2495 2191 2350 2214 1701 4911 6142 1288 3990 168 2215 2247 1969 3068 1094 5225 6198 326 1193
1515 1440 6751 5553 2397 2787 1540 6329 2954 1559 97 2247 5943 6114 5582 116 5582 512 116 4674
168 1559 6362 8 8 1504 6539 6757 6481 5214 1356 1243 3532 168 6032 5223 2515 885 2487 3951
375 1371 1927 639 1688 338 4544 4670 644 573 6293 1283 1036 338 947 1037 167 2667 5881 535
2836 1046 632 1051 6248 1290 370 5041 2697 2397 3035 4008 3723 338 2247 1701 904 6197 1193 182
1097 5238 4989 2340 4008 2365 1317 1603 0 2269 5541 3341 3959 116 2269 4691 1595 619 1540 4604
1033 5396 2787 875 2427 5 2163 1292 6484 1644 5749 3869 1475 6036 592 5816 6794 3679 3564 6562
536 6293 3263 3838 1246 6910 348 2697 5811 108 5503 5866 6578 4114 6204 6880 632 520 6536 5214
1326 6033 1503 381 6373 2269 4779 4672 2974 1023 635 5796 4054 3163 1072 3870 4670 2262 600 1813
1559 4840 1909 1630 1075 209 4387 2212 1863 6197 6036 6562 2711 2787 392 6197 2238 97 2269 3363
1644 3243 5811 6036 108 141 5825 6324 2350 28 2236 4880 5503 619 651 1036 3711 5459 5398 5
6626 2423 2267 5214 3809 319 5893 36 6485 6126 5884 904 5860 4008 541 327 3813 89 1666 1403
6206 2906 3320 4469 4241 4333 1208 5318 817 2051 4731 3148 4289 1808 983 173 1093 3434 2054 2827
3564 2350 5768 6 168 1030 173 8 3341 1308 3432 373 72 33 2263 3951 2401 1644 5294 5749
4692 2426 5 925 1317 711 4706 6261 1251 2397 887 644 1646 2927 5521 1258 5057 5516 2341 4336
632 2351 619 4515 401 2636 2371 2340 2300 5789 3712 33 1594 807 72 4919 1326 620 2342 644
2054 353 6593 3363 1043 3751 6220 6197 2568 2274 5068 64 4668 5606 5770 3606 2423 6312 1354 6211
4923 2350 2267 71 1893 1255 4903 1326 2473 1250 6472 1493 5009 4942 5849 97 1326 4289 644 3435
5314 6472 3015 636 324 2794 2359 2351 6292 6197 536 6032 33 1326 2697 2162 6860 4335 5755 2360
256 69 3951 628 145 4392 6484 3263 2247 475 1233 6657 2711 5820 97 1644 345 1927 6693 563
6031 2351 35 2885 590 6031 5214 5537 5459 6635 5823 237 2259 5503 2212 3804 4727 2210 4737 4958
3 5887 2254 1638 5669 590 3724 6477 2238 116 8 3370 6313 1617 5954 1206 2515 1206 2384 2543
6293 490 5587 3961 3241 6848 146 2805 6536 3951 3564 2815 3724 1076 3274 5218 2437 122 3435 597
601 5724 962 72 441 45 1037 2346 2877 5928 6298 2340 1727 528 2659 6562 5615 6233 3685 1308
4725 15 168 3035 69 1364 5857 5214 141 5820 6757 5841 2269 2269 2849 5470 1023 3008 2533 338
536 72 2215 809 2862 5816 3148 4932 5656 4072 4308 3822 145 2401 462 1023 520 2269 1025 5314
1243 4310 168 342 97 173 647 51 28 5978 3951 4588 4528 6089 2806 548 8 1638 619 4725
397 5 6310 408 1866 478 6210 1237 3943 1350 6127 3678 28 1326 647 2722 244 6186 3432 2787
635 647 6036 817 3624 4923 2191 1796 2959 2398 3028 911 324 1808 2934 156 3606 6031 1688 2533
2949 592 400 1036 696 1059 4840 2805 1437 53 2718 1072 5541 5818 2203 5610 1326 1206 8 415
2827 4501 619 1644 3804 2364 53 13 6200 4823 2434 400 3606 6566 1093 592 620 2954 3951 4826
69 1262 2170 4241 8 24 2949 2423 482 1594 4371 209 1884 3008 3274 1884 2239 5860 4335 2351
5749 1908 1502 1859 2501 1278 6566 358 1208 0 4830 265 5318 1038 3035 892 6632 1764 1559 4691
349 1646 168 1645 2369 3993 1437 2806 2351 1611 20 4054 6514 2280 6472 1559 2303 4508 1511 2722
3015 2347 1748 60 4289 2509 1333 628 1484 5348 434 2317 1580 2954 6354 1280 1075 2921 168 408
5314 1237 1723 2215 362 6458 5003 4544 6578 8 4826 3434 2473 3564 3775 92 2472 640 3679 2711
5820 72 5866 620 5656 6362 2361 2274 3020 1626 5461 4469 1941 50 619 1030 2762 6512 962 2711
5319 400 2397 1072 1286 2311 1723 2122 2360 84 3141 4490 4826 1563 5777 4670 490 1727 1290 947
42 636 1248 163 2965 1504 2697 5689 6310 6373 1332 1287 4604 1322 1032 2294 6434 3579 6036 3917
1243 28 2214 4863 2788 6261 6142 1288 1867 4752 2259 4238 3804 13 1653 2356 5214 4447 3870 0
6216 4783 3564 663 1687 6757 892 5823 327 2787 2783 3466 5986 1292 1475 2397 1559 5 644 6315
1208 2267 1072 59 121 4779 8 1382 4134 5214 1171 2716 6536 3241 1023 2191 168 6033 2340 6781
349 6472 168 5749 2351 182 6536 5660 6812 4668 4141 1499 38 535 319 388 5 1628 5755 4304
3434 1796 2342 6484 72 1029 1350 382 789 3734 2263 3207 2508 3513 5610 72 6186 6083 9 1764
82 2849 6403 338 1290 5214 795 5064 1302 114 4588 6562 1688 6362 2473 865 4588 615 3475 1043
644 2892 6334 590 338 1036 640 1611 4054 1233 2692 84 1025 1440 4840 5823 146 60 0 1326
4500 1038 1290 4342 2248 5441 1867 5874 4505 1068 3679 2423 6627 2787 6279 2333 1110 1915 2294 6200
5398 4241 213 5578 509 1594 3363 2236 3008 2950 5 158 1017 326 2787 5656 8 5225 5802 2340
2921 6186 0 121 1638 6809 108 3102 3568 1333 1644 55 1644 4826 3804 1506 4692 1193 1437 6761
6 4238 711 573 750 3566 5893 168 6472 4008 7 2423 2427 5318 2238 2423 1776 33 2210 761
5823 5336 72 1243 6353 3009 55 97 644 4621 3714 1764 521 1866 6762 6032 327 1504 1484 2924
5270 3418 2732 5811 121 6679 1036 1326 6122 5825 6484 1072 1036 4540 4050 6210 536 632 2374 4779
2954 1193 341 5829 28 1262 5879 5337 1023 1644 1537 173 6421 4670 2397 5214 3959 6031 1688 6034
5414 122 4326 6197 2155 6206 68 2991 1670 1688 1478 4447 4508 605 3813 4475 444 2215 1512 1503
1073 69 2247 15 4731 138 6210 2651 6186 620 6473 654 6527 482 1511 6216 344 817 2052 3711
342 3726 5610 3087 1980 2351 632 1285 1286 2488 5881 72 1691 4849 2878 2051 1889 3142 3682 2718
2236 1036 19 397 2876 2248 65 4731 4727 904 867 1503 3724 2404 4533 625 5485 4220 6458 1504
926 1594 1317 4016 5582 6562 344 867 1285 5318 4474 2044 1644 650 2787 20 1276 2397 4919 3564
6 2340 4336 5325 326 3943 72 5768 4008 644 5318 3587 6390 1503 4234 2718 1333 1796 4840 5377
4241 2976 2722 1595 1621 1611 2242 1350 4751 5071 1025 1250 1243 635 8 613 3959 1579 6369 5806
4475 1041 2731 1250 4450 1326 53 2707 400 8 341 6029 5156 2238 105 1594 1888 2169 245 1644
89 1287 1807 5319 352 1023 2247 3564 2722 408 1283 1506 5320 3165 504 4780 5794 3587 1512 3951
5755 6527 541 2340 6033 1522 28 116 3382 2952 2856 603 5402 2247 6211 5252 33 8 644 6036
2707 2 4008 2892 4054 2874 910 6575 2892 5348 6277 923 2359 3944 4692 4177 72 2876 6578 5992
640 2731 5259 110 1939 4007 1009 1278 33 1262 2293 4919 6372 1603 3477 3435 1950 97 887 2849
8 5053 3418 168 3988 146 2294 1253 97 6033 5348 1867 2239 3900 1621 105 1036 5811 6186 2263
2908 6210 4780 267 105 1594 2240 5928 3564 1611 4692 6329 1206 2274 5459 3424 5022 5893 5849 3804
6206 2806 6329 8 270 4008 416 6279 3008 4771 5230 2267 2 8 5724 3650 2711 6248 2763 541
2833 1644 3804 8 1038 1641 6031 3263 2312 2350 1206 5656 445 4054 1077 2711 1206 4692 2805 6313
5623 5812 778 2351 5267 1511 1890 2720 2269 4727 1313 493 4475 108 4823 3576 1475 5887 5825 2718
4008 866 1326 453 1899 2293 3458 3 2783 875 2365 676 2229 3318 97 158 2274 722 1691 6472
3750 6354 1291 1611 2787 1478 5214 1764 3178 2397 1023 3008 339 1504 6377 6237 5314 5699 2350 3807
583 8 3564 6431 5724 2080 1306 400 636 3113 3724 6031 6761 319 6211 3944 3341 5547 397 1866
3564 4751 1644 5060 29 6033 1764 6009 4823 5459 597 1449 1247 2146 750 6472 1594 6757 1540 2805
6197 20 2182 925 640 2805 5582 6472 2350 2269 1883 1072 6278 1611 5820 590 2609 2856 521 5816
3148 6431 5724 4692 5872 2267 4674 2535 1045 496 646 5927 50 4335 4744 650 3804 6033 4668 167
2263 750 1076 5954 6817 6249 6527 566 55 2319 4751 8 2236 2961 2550 435 123 6036 286 5276
5214 1470 39 5459 4752 3951 2242 637 5825 5 338 3965 640 1446 6 5796 986 3241 33 5536
5059 1350 3015 6481 3435 6197 2805 3044 1670 3241 1484 3564 3625 1350 590 4670 89 4779 1930 2423
2259 3341 141 3751 3011 3587 69 1764 6575 6757 2794 338 6481 2779 3319 2238 3678 0 6848 575
6525 2267 541 5318 5811 3104 431 2024 2877 2678 6210 1025 3434 116 168 621 5387 1036 4674 5398
2303 5833 123 1767 2364 4458 5412 3951 5214 3566 1166 6372 2717 625 5448 3035 1333 3008 1764 82
132 6288 1570 2954 1503 8 4779 170 4333 2437 6472 2350 69 435 4691 1484 2976 541 122 6566
3720 2397 1866 179 1796 327 342 5071 327 1206 6210 5582 496 2191 3813 650 2905 5888 2720 2340
338 644 1237 3870 636 2892 3107 3174 3813 6353 2259 1371 5879 6417 355 6578 415 1802 6472 168
1802 619 4725 2535 53 5503 69 2756 5566 4780 1036 2473 6287 1071 1140 3975 5749 3300 1250 4220
3035 2351 6210 8 4177 1255 1585 1032 4008 4508 2952 5227 2960 168 6 1796 2856 199 1511 5485
1351 327 213 2924 1306 3015 3927 3564 1589 5474 167 3566 5467 72 590 4008 68 1577 619 1753
3724 2830 28 3183 888 5214 4054 72 42 498 2387 0 2360 5537 1666 5059 3495 1230 173 656
1879 1585 5610 28 1644 2787 204 696 4371 2080 2397 6248 3207 3204 59 1470 3946 2303 6458 6657
5656 1356 2543 1292 3724 5656 2238 4670 3564 2946 4675 3318 3 82 1053 6310 2294 4840 382 5223
2607 1036 548 6781 415 4751 0 1611 3020 5854 2398 4892 2697 2924 1029 1644 9 3951 5823 3466
2169 6578 888 4304 5223 67 550 603 4289 2191 5320 751 761 1145 72 3587 6329 62 1215 6293
2717 5656 1813 105 8 1894 1894 3564 5613 3738 2361 108 3 36 2361 5862 400 4065 146 37
2423 345 2254 2319 1444 1577 1350 1789 478 0 1753 8 4651 408 6031 5537 6327 112 1029 6512
536 6216 635 1036 622 1723 1288 2044 1654 4751 1559 5557 2177 2397 3 6032 2359 4766 4238 1537
53 9 3341 3917 1802 3336 1018 120 693 1237 3579 2718 592 2215 750 168 6186 1594 475 2658
5534 112 2238 1308 5582 3 6031 4322 1644 2711 6253 3318 2236 116 0 1478 5512 3435 235 1884
2191 4731 2333 182 5398 2054 5214 5517 2835 5820 2067 5758 1320 2718 0 6337 4326 644 1068 408
1884 97 425 6251 4494 1872 50 1072 4372 2225 1899 991 1076 6860 2269 120 2294 2350 1350 1283
4433 2397 227 2487 7 2365 5610 97 121 5816 3537 2806 619 3382 1912 6693 344 6186 1262 892
1250 5431 654 2267 1621 3835 168 2247 5823 108 6484 548 1930 1899 1580 5860 2876 0 2360 3771
4544 6527 2791 21 6122 144 3203 3 6031 2340 650 1559 4763 1457 2924 2787 3466 1813 1193 108
141 2351 345 2908 3236 6373 947 8 1813 72 367 3720 2837 4134 1889 6759 42 5557 2877 5582
5857 348 2351 605 2248 4670 866 6593 345 1617 6876 1723 4752 1594 4241 2333 6472 1351 6036 619
2299 1243 3249 1570 2238 6036 2876 2226 2894 108 3775 72 3382 4826 21 2238 4919 2324 4008 6033
5881 378 2367 2954 3361 3015 4766 4751 6757 2359 2359 2952 1208 4780 5348 4763 8 1038 1080 1025
6836 5230 3775 4026 6484 4674 540 4054 686 2806 5879 3363 6008 2718 97 1594 4826 3976 6200 6327
546 3434 1371 2849 2294 6089 28 1504 1093 5887 892 1036 6431 1015 6029 4830 4727 2862 3724 6319
1653 19 1449 0 2145 6315 6472 400 2359 146 5337 2191 4475 398 650 6267 2783 5459 644 141
5408 2238 2954 4289 6327 1753 2658 1231 2711 2182 2787 5223 1193 28 362 6142 4954 2351 5901 50
6 338 1796 6 36 888 1020 1285 715 4670 5459 108 4441 2247 6362 4670 1644 1326 3835 2422
1687 1642 2238 3015 4475 354 182 453 6372 2543 2351 1594 1628 4326 1504 1810 2636 3703 590 4469
327 1611 453 2247 8 644 597 3677 51 3605 6032 4490 33 1036 3951 2294 5322 482 97 5749
5807 1043 397 3035 1503 647 1943 1075 1813 2805 3434 2273 2267 5887 2756 6362 3098 4919 338 2165
5902 33 4241 6362 121 1802 2324 1767 2423 1025 6757 1036 3241 168 541 3274 3564 605 1921 4272
4241 2242 3570 6310 2269 1511 1866 636 1266 4840 2516 6536 4475 1093 617 2711 1866 1776 1283 21
3015 97 5221 3274 620 3723 2254 1288 5463 5071 2783 635 1332 2238 2006 644 415 3587 1283 1778
562 3382 1939 373 1764 885 997 636 0 2342 3564 3068 570 5252 6036 97 2862 5881 462 5863
4751 454 2247 548 6033 1932 408 2359 3564 2752 6024 1072 2827 4198 20 5595 6562 4751 1262 1262
5656 5317 1255 1072 2351 2697 4752 6206 1075 625 4779 3656 3886 1253 5517 2924 6186 723 4371 3946
2658 454 145 5230 235 5348 4272 640 5860 2508 6292 2147 2794 595 3397 2692 877 2223 4752 536
2398 2429 5319 2523 6206 558 6757 1789 1884 97 8 3566 4823 4830 1043 5424 1866 6292 1493 1821
322 1644 5755 1247 4073 72 4919 6186 3435 1866 844 224 536 6186 179 4342 1915 686 2423 1758
6757 2202 4919 2359 345 5811 3274 431 66 1030 6353 1271 4751 1206 327 3008 5881 5873 5828 3434
2717 8 2165 2805 4670 2269 644 5470 3062 3813 4826 92 138 1764 1802 2711 1283 601 2732 2185
5820 1641 4122 3566 3036 60 116 5845 92 97 1504 5595 5842 2054 3561 1504 8 2488 1237 210
2667 2397 2794 160 3566 1723 2794 3382 218 2609 141 72 3606 2342 4668 2397 2719 6327 4469 2242
1618 6203 5811 590 1262 2236 36 327 3564 6472 6329 5252 6031 1023 3804 6197 6036 273 6512 1504
6262 2290 42 4909 5978 1722 3943 453 435 402 8 20 6362 676 5975 1672 5214 750 2238 4504
62 3951 4015 3679 2236 138 6781 3678 651 1691 1036 3677 1205 6761 2247 4913 1813 2982 1284 2783
6757 4008 1116 2693 6627 2509 4864 566 1644 5765 1504 5383 536 352 4751 2412 722 5222 6525 2487
6910 122 1464 4497 50 4288 1478 3219 1559 6434 121 4891 3434 391 586 1032 1023 1248 647 3363
1018 2303 3125 3318 6050 1278 2238 601 9 888 548 4917 5398 36 2784 8 2694 5866 1326 1870
2199 6033 352 2269 3509 3046 3946 3382 1657 5656 3564 4725 2236 2169 1666 5485 400 218 6033 3044
5402 4911 3282 195 8 1287 72 620 1075 6458 2298 2350 33 68 5269 5811 6211 28 2954 3714
6472 1654 4830 6211 1193 3972 1634 4220 5053 2184 1628 8 6160 2487 6273 1015 6 490 1764 1443
3724 270 1753 1808 3082 5824 3548 1796 1317 4047 636 1100 1461 3333 3564 1032 28 1481 4047 1437
2213 3341 6315 1522 391 1727 1478 4840 5459 4311 4958 3432 6899 6664 2238 2924 865 8 1015 1043
2694 72 2303 3951 68 1237 6087 4766 168 2247 1443 4008 1333 1884 322 3687 4740 2238 2711 2267
5431 6313 4497 1989 1270 2262 5537 2247 1288 2350 431 4048 173 2054 4326 24 1867 4013 5820 478
4769 5854 2717 1326 2290 906 1036 1030 644 6566 53 1437 4751 2365 1075 6261 6334 2924 141 39
590 620 2247 2329 619 2364 209 1634 6083 3035 120 44 2049 1884 2806 2364 1256 1630 168 1290
3564 5770 5841 5860 6186 867 6197 4400 168 1558 1044 2905 953 5794 1018 1036 89 1504 5398 1447
2876 402 1867 278 3750 6329 2787 1262 108 1333 4727 535 6484 6484 36 6206 6353 341 1193 39
2238 2300 2787 114 352 536 6562 1036 4504 2397 6312 1638 5943 1152 1644 84 5857 72 2806 1326
1233 28 4371 1802 2412 2236 8 1778 3724 1813 3625 2487 2954 636 1563 2423 2177 2952 1208 5059
4751 1025 3564 251 4903 3678 192 132 5071 892 5770 2423 482 548 2783 1802 4989 5348 4392 108
5314 125 1641 3713 1594 4053 1888 2609 1171 5794 1590 5325 6904 2805 1237 3418 6 2398 5811 3804
6329 6033 2658 789 2242 1237 1866 4663 5757 535 597 345 6142 5599 2350 1253 327 644 6657 168
1351 2842 3935 3988 2238 2711 2006 1908 72 2397 2487 1262 2240 3363 4670 4830 478 6337 1333 1036
5986 1046 6472 1672 1026 1215 496 4823 4692 5245 2949 1276 1449 6288 4971 2213 3015 1722 6337 97
751 201 72 6032 15 6029 753 68 146 1723 656 2423 2902 3513 869 1056 1354 1097 1243 4533
4008 1764 605 5408 1029 6211 4054 2849 3720 3341 601 141 2757 3683 4335 5757 6342 2924 97 5724
1915 4604 5044 4736 3820 1262 97 3581 2877 3015 2226 6458 4358 367 218 2026 5777 2794 1767 1764
1867 771 3959 5 1894 267 1206 3801 1475 397 6533 1502 6251 2827 4096 6373 637 344 28 4008
1777 6031 327 1618 42 5441 2423 2273 4751 6171 6567 1470 453 138 875 892 1035 4241 1059 2747
1006 431 4185 33 3571 619 4094 983 962 3835 1403 6211 5841 4342 637 1437 6644 97 4731 431
2784 637 5459 6031 6313 3418 4110 3 1515 380 6197 1333 644 5656 3738 6472 344 1672 686 6525
5348 1505 964 1813 6472 478 2247 3564 2238 2324 2692 1644 7 2639 1076 3241 1371 3813 4949 1659
1443 6677 654 5557 4295 400 3 1285 4335 380 5307 2213 817 2533 132 1628 8 20 1256 2908
5315 3274 574 6533 1595 3585 50 590 6512 3 5814 2509 1286 5143 6472 1758 2002 3737 5006 2238
1988 97 139 1203 1604 3 1302 398 2976 108 1559 5752 344 435 2361 1899 2080 3606 2214 5512
1101 2002 3134 3056 1691 2350 4670 5348 866 590 5928 3976 3241 1302 388 5563 3705 610 6472 2787
871 6434 2925 2473 3737 6819 6298 72 342 2351 3062 1025 5424 1938 105 869 4919 1594 3220 5823
644 6781 2906 6036 6562 5749 2340 2954 4008 8 4073 1867 1884 5610 2753 601 1093 1227 1576 97
4544 2609 2318 2397 108 6329 3951 1621 7 6562 526 6809 116 4728 1218 1776 632 35 5630 435
4475 548 6350 4919 6472 1333 5757 3397 3105 33 6627 345 8 6210 3 6031 1356 2697 4500 6910
1093 5881 5398 536 454 2259 5068 6657 6536 4919 146 319 5825 1594 888 1673 6031 2924 4727 4840
3724 4067 1255 6819 5806 6029 1437 2924 6248 2293 5854 2350 6032 4462 1628 5459 4588 1292 4752 6562
4919 1449 5214 1231 5294 2880 15 5068 2434 4462 5841 3734 72 1018 168 875 4326 1870 4533 2397
6031 20 5348 5453 97 1796 1638 434 256 4670 887 644 1634 2892 1237 1921 1819 5882 1518 2346
6292 1036 338 644 1285 145 5485 6484 2238 5071 5214 5823 4333 5582 5214 5656 521 168 97 5755
3804 5755 5606 97 2658 6211 5881 1475 1072 431 121 5009 1326 6578 3574 5494 5536 212 1033 5916
6211 5314 2177 97 4044 344 1256 2397 453 5816 3062 1291 3 6031 1559 5749 2487 338 6211 911
168 4475 4005 3965 3472 2290 885 5317 2781 3723 888 4460 536 6031 3 1023 1326 650 2293 2549
4919 6780 6033 2762 0 327 3732 3464 97 2214 3561 867 6197 2479 2259 3203 5214 6369 1431 3
644 3435 3 2351 4727 1332 68 2952 856 2260 1559 3677 5623 1218 2719 2105 4839 5874 5 3951
116 1506 875 5214 6361 435 520 327 1033 5009 362 2697 1618 2849 3125 290 2533 2783 435 4692
4765 3678 2876 3869 1461 136 3713 5770 6258 2359 904 3028 41 2717 3046 6266 2805 5219 2340 2423
4754 5820 5927 2212 74 5841 3092 5777 5804 4691 3141 1262 3466 4863 524 6606 1449 4674 844 1478
1796 8 1785 1287 6119 5725 151 2783 4054 5877 1530 2514 2609 5854 1462 0 6757 625 3435 5412
6253 5583 597 6910 3015 2894 2845 408 6186 1644 3435 6362 1559 4912 3418 97 5214 3065 3434 1023
644 1220 4751 541 1802 1504 146 943 2397 2236 4008 1690 5118 1688 1866 1025 4696 4752 84 6882
6031 5825 3418 541 1097 2378 5726 5860 6292 3724 1288 6757 536 1193 5459 2719 3813 5814 5459 3035
6472 4919 1326 5 2202 541 5943 2516 3801 6186 6403 2423 4863 2921 949 4289 540 435 1583 6249
1559 2182 4008 644 5978 4779 5610 3434 3495 341 5494 400 2397 5541 601 1097 1440 3682 408 168
482 74 345 2398 412 3434 1866 5459 5881 1691 2182 2827 4826 5557 2259 627 1481 3035 581 1283
1561 5820 2303 6204 570 6249 2006 2954 548 20 167 6649 3917 2365 18 3092 4504 2247 435 1193
475 6287 1246 1866 888 5485 6484 1866 2236 1262 64 5441 6237 6484 72 1541 2263 2290 8 1867
2350 947 1033 2697 1511 2168 4326 601 6260 1036 6353 3509 151 2658 1221 1950 5578 2238 5874 5541
379 904 6472 453 635 888 1504 4544 2165 6091 7 2269 1221 4562 3804 435 8 6644 2350 4462
2155 2692 5820 723 2609 5659 4681 4134 1356 5348 3341 1308 2396 1943 1963 3537 2423 6627 1504 1694
435 3281 4469 2238 1030 2783 265 3603 631 898 2238 3943 5842 1283 3435 1218 1072 2360 6292 2697
4751 1559 2236 1247 59 866 2787 4325 1503 3899 5755 5317 3732 2841 2509 5214 3724 1051 478 1813
5541 5025 4919 2717 46 5318 4751 8 1036 2350 1753 4342 2609 1615 6536 1515 4826 179 5841 2612
628 868 1457 5978 2364 1313 50 2806 114 8 2242 6913 2290 619 97 97 2269 3435 5917 1287
2363 2964 6171 2351 1503 975 3434 1748 635 5816 2808 1866 2238 3951 636 888 3677 1339 1093 1351
3418 1030 1262 696 341 3482 160 1605 5259 1276 3 947 2609 1252 6247 2711 4751 2783 415 2906
338 2269 5857 1256 750 5317 2238 1326 1894 4780 2259 3951 3951 2398 2429 1506 807 200 2350 5
6473 478 636 3726 5337 6566 2365 4054 3242 1032 6373 2543 5881 866 4326 368 1611 1193 415 1251
5118 2397 344 5240 2509 2041 1287 199 404 4400 4433 3092 36 209 4794 3683 97 0 3951 1097
925 5348 3020 644 6200 270 1767 1628 4244 5823 1493 1033 2961 611 6781 4392 326 5537 4840 6311
5314 4651 5781 4441 5860 2806 3677 601 5408 6472 69 541 327 45 5820 590 4839 4475 68 7
1333 6693 3008 1930 6268 5935 33 3148 340 6362 2908 6657 5762 6472 2238 686 3585 3382 1030 521
5218 4082 6780 3943 82 620 5755 541 1206 5854 339 6431 3044 168 122 97 2319 5348 410 2267
9 1511 5459 1078 3 6031 4865 3363 5270 2830 2300 4008 346 1670 1813 1243 6248 1262 4828 2294
2238 1072 2340 4670 2236 1594 1478 1044 29 2543 434 7 2199 441 2397 3015 1537 635 4871 6342
5314 4433 1559 338 4706 6350 3564 1561 5825 6031 1030 2054 2269 9 415 1670 3035 1302 1320 378
2473 415 2719 2487 3008 4865 5854 2716 4241 3564 6362 0 3804 53 36 1636 5854 723 5749 84
5879 1883 1182 4670 3015 168 1025 2921 536 2238 7 2862 1603 8 3331 6009 1228 4848 536 5768
3318 3679 773 6031 5882 374 1670 5866 4540 1611 5441 3358 200 590 1206 1243 2350 4110 5042 327
536 97 2269 435 5318 5059 6762 1541 3035 1802 2020 4287 82 6310 453 179 2717 4371 4604 644
209 631 1228 2049 0 6032 2184 3044 3679 5421 400 1326 4008 1660 5557 947 3092 1537 536 116
1644 722 46 145 536 6031 2954 521 2754 1473 59 1506 5854 4433 2351 1221 1032 6848 1611 644
3976 2324 2351 5557 3 875 892 1221 1288 145 6 4008 3323 5485 6591 408 4727 904 53 2361
6292 4065 201 6472 2269 3835 5787 2185 1867 1278 1023 3804 5854 4783 1475 33 5978 6562 2487 6566
541 2 1870 975 1438 1072 2806 5770 632 4069 2067 601 6211 2398 1561 6884 4941 4458 6562 6757
1292 5129 1262 2905 250 2924 3092 640 182 2238 2324 865 2954 1533 2423 6329 2924 327 4050 3592
2487 6142 3965 4505 2236 9 1253 5009 1767 888 2949 5825 2794 6313 5978 3008 5577 391 408 6036
1867 3082 5829 6033 1464 4198 4234 6312 2924 2364 865 37 817 313 6809 3382 947 2827 6362 105
28 5795 6210 3605 1302 888 6297 3344 4751 2269 1037 597 1929 2351 5512 2236 1727 2995 1244 632
3724 237 4904 1302 564 2234 3370 6562 3943 2913 1033 2177 1043 2236 605 1638 6204 2747 3163 1352
3342 4919 2359 121 4326 5542 4917 2394 5682 6036 2274 2397 4441 644 1071 5610 72 1866 6 8
1511 5459 1461 1764 2410 1611 2319 5884 2535 1193 1576 480 344 4529 1859 4780 5348 5441 2397 28
482 6310 6033 68 4691 6231 6033 4779 209 2901 1253 2051 4238 338 2269 2169 548 4557 592 2238
1033 1522 924 4871 1215 1333 1053 2253 3587 6032 1290 1332 5459 2488 3564 6087 2173 3 6031 1503
6525 4533 2365 425 635 1570 2350 1559 74 2429 397 1644 1628 5214 3572 2244 2924 1035 8 3804
514 2341 97 4674 5512 1673 415 6088 2397 1688 2269 5757 186 2794 2365 1503 1764 2351 2342 1288
1694 1776 347 8 6197 2280 3734 6472 2236 2351 4826 2718 160 3587 482 620 173 2697 141 520
82 2487 6248 1322 1452 521 5214 2242 1528 590 1884 1644 3724 5451 4310 425 74 4054 3605 2238
6248 4868 1026 1449 3747 4324 1255 2921 36 676 72 5779 696 1290 2242 5768 168 35 1582 2833
620 2787 39 15 5824 2401 3008 415 2488 72 482 1594 3564 1052 1276 5825 4008 4591 750 2576
3870 597 2871 1036 1778 925 1326 4171 2161 60 2359 2269 1796 6211 2259 6032 37 2296 1250 865
2535 338 636 2926 3332 1291 6206 108 1673 2533 1152 4919 218 4408 1452 4122 3579 1243 338 55
1033 2805 2350 6353 224 1193 6261 1288 2191 4751 5887 548 4054 4871 605 2361 6434 2805 4462 0
3403 8 53 5927 892 2351 1618 6211 1237 1032 36 2247 1595 2960 2905 5595 619 3 6031 1511
1036 2717 5757 5814 2238 2924 947 5818 6611 1813 5777 2692 4335 2412 2954 1541 3008 817 5656 2259
2924 1278 6036 6525 0 1927 2426 2924 541 4054 2455 5768 1287 4690 1033 1237 628 6525 1072 2783
1634 3068 1243 4475 540 6666 4776 41 1260 4047 5009 2350 2717 4674 4865 2568 2259 2954 867 2247
541 415 3713 3713 75 2762 5436 817 546 3579 1018 2303 1802 5755 60 875 141 5893 6186 7
2155 2794 72 2260 6310 482 4826 3434 490 4008 4047 5314 5610 1036 5879 1255 4430 4096 2280 2753
482 4048 5928 2703 947 3361 28 1644 2397 1023 869 2806 4727 5757 2238 28 69 338 620 108
1618 8 1093 431 1262 327 8 5844 2191 33 4747 89 37 1723 5401 6472 3 72 6882 1461
4674 1641 5978 6353 108 2423 3263 6261 3682 4751 4127 1672 1620 1707 408 1035 3896 1206 4913 603
2090 1691 6083 5768 6848 2397 4297 2311 6089 2267 2226 2223 138 8 3724 5503 2397 2508 2365 4358
2718 3382 3951 2342 6644 3959 5943 5474 72 2397 29 647 141 5768 6809 338 327 5806 5866 415
6472 636 5333 5459 1130 3682 1302 6091 1915 6373 1912 4728 2805 168 2 6362 1038 6484 962 3424
1594 4234 3247 6327 6484 1864 408 4544 416 2290 1595 3434 5874 3432 1559 3274 1193 904 2238 2215
2212 1460 3 5842 3724 744 5943 397 5815 2543 974 2732 734 1243 4065 888 3202 5582 1660 4588
1025 415 975 1326 326 2247 2202 475 6362 4010 5614 3241 1601 1764 105 2693 3068 4239 386 4751
1451 2236 1884 6250 349 267 2350 1206 1503 5485 3092 1023 2427 13 2185 3911 3263 5656 1006 106
913 6186 6472 2267 378 888 1280 398 1239 6525 6757 4849 4727 1064 6091 168 1908 2906 1354 2592
3564 6575 97 158 3437 6593 4008 1688 620 4567 1504 4096 1097 2290 1891 595 59 1594 2242 1250
5577 4752 3951 1621 1035 715 6197 1634 6206 6627 2220 5827 5856 72 4670 0 2487 1748 409 656
5913 6337 327 3951 3564 4073 5861 6313 590 1023 338 715 2397 4670 947 2274 713 1475 3 6031
2367 807 536 490 1302 97 173 3547 651 2350 1867 1867 4844 1970 5815 1944 3947 2350 6627 5928
5841 1302 1036 1537 3564 504 3320 1728 2924 866 2456 6481 1093 2877 619 2364 1764 92 1867 2248
453 947 6142 347 6434 4725 4840 1436 3434 1727 2342 496 3406 3434 408 590 338 2926 2924 2006
4310 1504 640 3434 2191 3813 2787 4291 631 6373 2177 152 2718 3418 69 218 1220 5053 167 1043
5071 1963 5887 1036 2305 1286 5861 1068 5917 386 2263 2169 5512 2788 1322 2350 6757 6703 4073 388
6009 4668 6757 1260 1687 6536 2487 3564 1218 36 1778 6757 3 3024 4289 7 5318 2805 1032 3035
6472 1503 5025 2273 4779 2426 6472 4670 1326 4691 5318 640 1006 5422 2717 482 2274 3804 3724 3566
1030 4387 1484 3724 5854 107 1036 2145 4467 4848 36 2783 5841 1371 352 338 8 3724 548 6186
2404 778 1325 962 251 3090 6373 5943 2155 3434 1371 4826 4913 4008 2169 4505 6910 947 5755 6197
3241 2269 1025 265 6635 6472 6249 490 8 415 5595 1018 590 4008 6353 2487 583 6369 5119 2718
4241 2397 69 6292 19 3274 1193 5059 3 1672 1506 327 1620 591 566 123 5796 888 1437 1206
435 1522 1762 116 2165 2508 6431 2410 867 6036 1758 2236 16 4604 6562 2269 3835 631 6297 1446
1594 35 2787 3603 3951 5143 1250 2360 5943 2488 3959 1326 2533 5403 2837 28 2269 1332 4333 13
5 173 2006 2237 650 1025 2639 3434 1302 5757 53 6677 6 425 6527 2240 108 2691 97 4674
3724 380 3606 844 6319 4348 5854 686 168 0 415 4423 3092 4289 1764 2248 72 431 3008 5854
2487 4008 1025 1033 6211 139 2191 1352 5901 813 2722 6562 1645 345 644 656 5156 6036 1042 3564
182 5267 2319 3705 6329 6512 55 170 1193 6472 2397 1748 5068 6287 6364 97 5892 5811 2350 0
6615 2350 4919 866 6848 6283 2346 3017 408 6186 2787 1594 3435 3281 4683 5768 0 711 4008 2550
4670 97 1540 1503 1687 3434 1672 400 6036 1503 5823 8 6611 3082 1250 3477 8 1522 46 1802
3911 1018 6248 1072 4044 2535 548 540 947 6126 548 3734 2515 327 4048 1030 2041 5610 4826 1785
6083 867 4604 5844 6472 4919 599 4289 4241 6434 404 28 4241 3394 72 4529 338 82 2849 4475
1730 4591 45 2592 3435 1675 6431 1670 2247 1025 116 3035 6313 3 1644 1621 3363 1253 4971 100
4441 344 55 5223 173 4780 2949 1813 3434 866 7 5314 3976 2693 4751 1580 2105 338 644 5377
41 4297 2787 644 1576 1278 2711 1594 2871 4475 39 2609 4272 4686 4670 1764 349 521 1758 1863
2236 3801 4054 5893 2238 6593 120 3410 1504 3946 2487 6031 6536 1478 1618 168 536 168 1644 5214
400 5749 5587 6627 0 72 1605 1326 2487 2609 5537 1605 1247 2269 79 1641 1533 3141 227 2954
3835 182 5466 1325 18 4079 4238 2939 108 807 1033 97 8 2163 209 381 1672 875 2330 4997
1604 6536 892 2342 504 2745 6484 2238 1297 2472 3363 6334 6186 347 5787 5528 5 2949 1470 4903
72 4751 1559 1688 6567 1215 5275 6105 1796 1504 2697 243 33 2268 415 2765 2512 1281 1243 6472
537 2410 1101 2238 2226 4706 3804 173 57 1461 2145 615 5320 3566 1802 1893 4198 145 1237 5252
2267 778 2212 1767 635 5214 4692 1660 5659 910 28 3418 778 2163 319 536 6249 5749 1764 1258
4864 179 2952 1618 2319 5119 3274 5842 2487 2533 530 5325 1288 396 1644 1537 5214 1504 0 8
6592 5944 651 3723 2562 1292 736 6248 6255 521 235 2215 5225 1970 97 2259 4692 2404 3318 5253
1621 1688 5814 4197 894 2340 3300 4336 3677 1802 1601 2787 431 2169 2319 2544 1460 536 6031 5893
482 880 5755 435 1332 3320 907 5348 5459 3965 1056 6248 1036 2305 2105 6171 3564 1944 603 1475
3870 4008 3434 453 693 2720 6036 3813 6421 124 4363 1193 5512 453 5757 6342 723 1072 3714 2212
53 2269 1025 4065 599 1561 2908 962 4725 6353 1595 15 6033 1503 4371 6434 1642 3969 2300 3724
1437 949 5424 1302 435 2805 20 9 68 8 639 619 1884 644 6362 5824 5214 72 4557 4763
236 1117 408 5 4865 108 2849 6472 659 2533 5610 168 2359 867 6484 5866 0 1764 6267 6482
4956 33 947 2609 5860 4591 3142 5537 2805 2924 5841 865 1506 1802 5459 4008 5841 1275 1215 5281
2806 6593 5818 548 6434 4871 3802 6482 6757 5804 7 1239 4913 3015 2359 1032 6421 3035 4008 5656
1018 632 2412 2350 6757 4475 5572 1446 3015 1036 1503 148 6910 1350 2359 2697 1253 558 3241 650
4505 663 3315 1243 6186 1030 5214 5214 3300 1595 5935 5874 1036 3382 2364 1611 50 97 2787 3032
453 2324 2398 23 0 1630 1262 1503 1148 1386 1018 5860 2913 6247 28 2359 1511 2856 597 3899
5857 1511 3040 536 1621 5752 3022 541 1764 4447 3247 1035 5811 1767 866 9 65 2924 482 6362
2238 541 1237 3576 1504 1939 5768 601 7 6562 2718 6210 2215 5802 2359 4826 2318 1543 6627 478
521 1093 3724 5811 1243 97 888 2658 2697 476 1656 1322 6031 1018 1559 904 5009 4096 26 5224
4008 2787 3466 5778 116 2236 5954 3723 1533 4241 2062 5370 3035 342 4779 1764 5674 1798 2487 4830
3804 6848 2880 1310 5582 1514 6287 1866 1018 2313 626 2397 2236 1644 6197 2877 1278 4483 400 2351
4604 2051 4557 2238 6249 1789 2006 4053 388 521 324 273 0 962 1326 4035 4475 2294 2263 6327
1863 4241 6484 2202 5814 1977 1644 25 1032 1326 5823 146 3387 1676 5503 3951 540 6759 4441 3587
1333 2397 2423 1036 139 5461 1378 4588 5557 5842 5424 3092 6206 341 3082 319 3281 168 563 2294
3437 5214 1037 5441 3683 590 892 2791 6472 6036 3092 541 5537 5060 1976 6364 1221 2787 3165 1071
1727 2342 53 2924 4670 97 1534 5777 2434 2711 105 4692 408 1988 6376 145 536 28 55 5954
6575 6220 6033 2783 5787 5724 2720 6310 6566 5897 6757 3035 5887 346 635 4828 5040 3203 5071 44
2805 2212 2236 2269 327 1522 107 3587 548 2274 348 5608 278 6819 3943 3606 1326 3965 1193 1243
2263 892 3804 1813 2794 1283 4706 72 1751 6761 46 4500 1237 2238 2692 2 1915 342 7 5348
435 5724 1255 3952 5811 6910 0 146 108 1193 72 6032 1863 6255 1533 5245 82 1533 5879 4310
1641 2236 3804 2535 2364 6434 72 124 2351 8 2213 2269 1053 3585 6333 4752 1748 124 342 6032
6567 640 1687 2794 4670 5804 4197 5408 1288 5822 2155 6313 1753 2247 2609 4035 475 3218 72 6910
2054 1025 415 2892 1290 1865 4727 2169 3724 6484 5424 8 5156 1634 3961 1559 1262 5214 5823 5816
5392 6809 6593 656 8 521 2199 6562 3941 2290 3724 4752 326 6033 1859 2716 1688 541 24 5210
4751 4490 635 6693 1362 2238 382 3087 1018 482 3097 2263 3363 628 3318 2397 1621 1764 5816 4005
391 2509 2658 5503 400 2 5656 5893 6186 865 24 5524 2692 431 2913 6259 1475 6186 1620 874
4335 6353 173 108 2423 1691 1605 2787 327 2719 8 6292 1193 1255 1267 72 72 4110 659 327
5 4911 620 4371 1670 6000 4903 2226 6197 1193 3696 5779 6910 3711 1808 6136 5399 2434 2397 635
6593 4008 1037 5516 4670 60 5 2876 4728 6567 2856 615 4110 4670 3804 564 1511 3056 773 3382
3363 1332 635 6757 6481 2783 237 1025 1243 1767 2487 2954 2658 5454 1767 6536 3564 6315 2273 1672
28 6512 2361 5577 2487 3951 5823 5757 173 4250 97 2833 5857 3363 319 72 3813 1776 4065 1866
6160 28 1232 1326 563 35 4241 1653 431 795 3525 105 1908 97 6032 869 6593 1866 2783 2819
1029 1864 1614 5337 3138 6472 0 6142 145 3246 3163 4638 2377 2101 6479 3435 5844 2239 1032 1036
421 74 1025 2946 2794 2717 6310 2269 4371 3946 1071 4490 1670 1722 2783 84 4728 4462 67 4212
2031 6211 761 6030 3025 2691 5051 6262 3477 3107 2238 2365 37 2974 6761 6562 2247 4691 6860 6337
6472 4731 5866 583 1059 6785 4919 1767 6781 1033 611 0 3804 8 5557 5003 2718 809 4769 2697
1464 3370 72 3434 2397 4919 3587 1206 892 535 2661 869 3274 5348 4177 408 344 6206 2269 644
1904 1611 4919 4441 35 20 438 4604 186 6036 1036 3951 138 2410 3509 592 1036 2908 4491 6353
6200 0 338 435 8 640 72 453 6197 1046 3943 1072 1231 352 1688 1638 5512 548 573 5398
4500 1288 1723 3035 4005 250 5893 4333 2342 3039 5893 1644 1694 3207 1988 1243 6186 632 6292 5214
1043 3418 4008 3944 1694 2423 8 1116 1446 2182 1864 2849 5804 4342 1036 2533 4668 974 1461 2479
2269 173 867 3245 6910 4823 2983 1231 991 3951 605 4462 2397 68 265 1989 2105 2236 1594 3482
601 327 4054 5337 5503 168 1036 1541 640 1233 595 5768 6186 2236 2300 404 5820 2397 2105 4008
3432 869 4475 6390 3571 3256 6262 2269 4310 2184 2503 3724 108 5768 6237 2054 947 4469 1767 28
1594 97 1032 5656 6562 2954 1287 3959 2238 2182 1030 1503 635 6362 4010 6512 3207 4826 5844 2894
69 1030 8 521 1068 2841 72 3274 72 6206 2360 1354 1291 391 541 2720 1866 2238 2350 2876
3571 1313 4803 6186 5223 1503 5854 5230 2711 4008 3723 1611 663 6852 1326 2202 6294 2350 6083 1594
3804 1514 1286 251 5978 2237 5829 2794 2364 5441 6197 750 2718 97 97 0 947 2236 1056 1271
4342 6757 6757 3571 6200 1208 431 199 3747 1675 4187 72 2711 0 1221 4826 5537 3097 904 1733
1250 72 1644 3804 328 4026 5893 400 5755 2410 3082 2348 116 1870 5820 1644 1688 3341 3051 6197
5459 154 6525 1758 3 1512 5887 875 5485 2877 5245 6292 1036 5656 3724 5318 1060 2359 2367 2835
6036 3951 540 354 1023 5071 1533 5656 2242 1256 1866 1644 2787 3044 2523 69 693 5824 2236 173
2954 2842 6221 3943 2215 199 4692 4008 3401 2361 1517 541 4668 562 548 415 4740 163 6003 3137
637 5459 1802 2350 1644 1470 2856 106 1017 2236 3935 3679 6249 2236 6757 6757 1789 1326 3300 2747
1030 1506 1778 1326 6292 5214 5348 953 408 1758 1504 795 1912 6484 1727 637 168 6757 875 5563
5474 72 33 2876 2342 28 4483 4433 97 2267 2351 1778 1764 1666 1033 5503 2238 2215 619 2535
2346 3418 6562 4490 636 3564 3564 1988 601 4779 2805 3579 3679 28 6423 352 1243 6088 2269 4826
3008 1356 5414 3678 2105 2269 2609 1193 1867 1333 1963 1939 663 541 39 4209 4826 1015 1072 5779
6197 943 2753 4688 5424 2365 640 5844 636 1727 327 6334 168 168 1594 2783 540 145 2191 566
1076 2267 2787 8 1694 6021 3804 1262 6087 3564 4197 5477 3471 6285 6031 4008 5724 4515 5453 611
1930 876 70 97 4911 2422 4706 1867 1884 5402 4008 1036 6033 5009 686 2238 1594 1464 4050 3434
1036 6431 3713 611 1503 6403 6324 1051 355 2259 2787 1166 4141 2005 637 3896 266 97 1219 97
1033 3682 1488 2238 6472 2711 327 3951 1753 2269 2342 1193 6342 2350 1884 2236 5214 3318 1255 3678
6253 3605 2238 4919 541 1594 3107 3141 6315 6484 1449 5887 1233 5336 2191 1503 590 1023 8 639
1767 2324 4501 3804 2515 2202 6036 84 2273 6 5656 5557 5978 1672 3724 2269 6369 3107 1250 3495
2592 866 2437 6313 1077 2905 5811 6036 6848 5214 5807 319 1043 663 1057 1628 3636 2342 686 4515
35 1023 1504 3751 2938 3015 4198 45 1614 2949 1484 1630 4540 3035 2452 4779 2487 2214 6759 352
2954 6197 125 408 1072 6186 4497 5245 2423 116 5214 6437 72 6562 482 2543 286 6200 408 416
807 1215 5831 2423 2365 1025 267 2711 4342 1283 6142 4826 4863 6489 3477 1660 5348 5623 6913 3943
6372 4008 1121 5630 6036 2954 3900 6627 1727 2361 2238 2238 353 6484 3683 590 1594 1221 6278 1556
2397 2397 116 2783 4830 1033 6848 6451 3418 60 1285 2170 2924 6353 3951 3058 5392 5825 2371 541
1764 5854 2805 2238 3724 3141 1867 28 2711 33 5424 6031 6329 2827 6029 606 6472 7 3724 2238
1504 5243 5398 4899 1656 3092 5848 5561 2350 3804 2862 5816 1250 2350 5 6566 857 2350 573 1025
1033 4919 5494 1727 5572 1239 1446 3274 631 3734 6112 5656 4220 5578 6293 1302 478 605 5408 3125
2263 892 1594 1556 5467 1617 1326 6261 1975 5119 1594 5503 528 4177 1475 6031 2609 2787 686 2170
4509 1670 3734 1035 97 36 1221 1802 605 4054 5686 1644 4826 2242 2236 1644 3804 5214 5333 2718
590 8 2609 4318 1071 2805 6472 1988 72 3870 892 1503 4779 3712 6329 1036 1537 875 5823 5539
3606 1751 36 1628 5348 2488 1438 2186 1215 3344 5440 482 2340 1657 1675 1322 28 1302 0 4241
6837 2139 6910 6249 116 947 108 1032 2054 46 490 2263 1025 145 6757 2718 1764 636 5724 434
3044 3713 6458 2880 5459 373 1029 888 128 2788 2625 4670 1326 1722 601 42 1038 5392 1644 338
5210 5348 3917 778 2783 2697 3975 50 5842 2794 4544 1036 1537 1796 6251 3664 408 6031 20 6910
1300 5752 123 1672 1504 4515 1939 1024 3040 5656 6780 1025 5450 2238 2924 2267 635 1025 4604 1215
6848 686 2274 4726 1973 5613 2212 6536 2543 1193 5609 6527 6657 6562 1796 4971 5317 2397 5582 1032
2397 1283 2868 1056 5823 5916 620 1035 1356 4871 1275 3263 6122 2319 6 4909 3587 1559 4336 348
5802 6627 1611 5927 2783 265 3341 6204 3434 3532 4289 6362 4035 1559 2783 3323 6249 4475 6848 2274
6611 1286 1193 2335 2533 2924 5874 1283 2427 540 6197 6458 5825 4826 2342 6910 4752 454 8 2163
435 1561 5927 2319 100 400 6186 5901 2274 1278 2718 5887 640 1251 5829 4008 601 1504 8 3341
6910 1776 108 6211 438 6484 3678 1618 1559 3951 3804 2878 1193 400 1591 5804 5214 6362 2545 3677
3606 1018 4371 2269 601 212 975 541 199 141 4505 3008 2248 3015 2342 2319 1802 5832 168 1884
3418 1025 3704 6627 6677 6287 1072 2412 4500 5811 4751 97 5030 3507 4698 116 1561 2949 5214 5459
28 1232 4005 4917 5918 3045 168 2340 2783 1302 1326 1764 1256 5595 28 892 640 270 28 1350
1437 2711 97 1356 548 3341 4304 1866 1333 1672 2910 2242 5863 651 1449 42 3705 28 105 3068
1802 1489 2223 1032 4475 4031 1208 5826 795 2024 520 415 2269 1504 2177 4546 2434 644 3471 145
5866 6337 2269 4050 3564 2236 1326 4326 8 415 1753 1036 6197 1193 5503 1326 4008 3163 2924 2238
1621 4333 5854 1332 1627 5954 3951 2658 2346 1463 4670 4315 1688 2299 1042 5214 4557 408 2718 20
6369 3414 2404 1866 6562 888 6773 2752 382 563 3951 1502 1533 49 676 4830 3704 947 1889 3008
46 5837 5223 3951 2213 1867 2397 2002 4588 1287 164 3008 2842 5841 6249 2412 6627 2240 2181 536
2353 3682 5319 28 2226 1753 1836 108 864 2239 4420 1015 6186 2849 2535 2827 3062 5517 5893 1072
536 6036 1559 650 1198 4533 5 466 2112 1033 2608 4780 4919 5725 84 1333 3677 5656 2290 1033
1503 1723 4352 4241 4919 3015 6611 5857 5823 6126 2913 5849 1243 6248 1644 1827 5461 1451 209 1308
3263 168 3008 6210 6848 6369 5325 5582 1559 173 4919 1512 1100 2002 640 1687 6615 1537 1029 5879
5907 1710 136 5825 2924 2533 3564 20 3678 2954 33 3015 2236 1594 2697 6588 2238 2212 3943 494
1644 1029 1576 2243 5025 526 3382 8 16 1504 5075 3032 2609 1622 1595 2487 2247 8 644 663
5820 6575 2350 4591 6337 2101 962 5860 4849 1594 1707 5861 3896 3141 528 5615 2924 6250 1611 214
3571 3141 6757 2427 1287 5767 2717 2783 3835 182 2692 408 410 4054 6459 590 6757 888 6578 8
431 124 342 1893 4509 2238 4544 1036 644 1511 6362 4244 5425 88 3682 4727 1036 1036 90 1796
1279 1288 50 637 5692 1009 3564 1413 5691 6036 5887 6578 1285 1694 1243 105 1907 5459 4763 3434
6266 1093 97 9 2456 888 37 3951 5662 3107 6472 4008 2427 693 5800 2259 2954 3737 1522 2191
2940 5849 5820 592 4830 4008 650 5041 1033 2213 57 4304 3 453 173 1446 72 865 338 6369
6761 6033 686 182 6 2876 3804 5823 1883 2399 1884 1796 4244 435 6657 72 475 67 1075 1023
2636 1758 6353 548 2365 2515 3300 408 611 3804 9 1670 2181 50 1727 635 398 4668 2890 256
1884 1072 3951 5888 72 116 2169 573 6142 5854 5261 1333 122 1032 1352 5893 6421 3917 528 1634
46 637 1221 2433 5214 1764 1722 5448 947 5656 1243 50 35 13 6211 41 3241 6312 6353 1043
4540 3966 1258 5459 5583 5387 2833 2178 6248 2535 5814 3724 1836 1870 1058 6036 168 1644 151 23
2238 33 370 693 28 338 3482 6458 2437 2259 2105 947 108 1140 4688 97 869 5857 2568 953
4919 1767 5857 628 5927 536 1580 5755 398 5214 5899 415 349 3997 1333 3917 1644 45 108 2434
4635 3205 267 2397 2236 2783 129 1767 327 644 3564 2841 646 397 347 5873 6422 1767 6186 2787
635 1478 141 2423 2423 4919 1644 21 1511 540 2346 6032 620 2212 4462 4891 2324 1364 4069 1802
2225 5881 5975 1417 2365 435 1688 1504 1025 6458 3433 2244 1449 3435 6458 1193 6472 1672 327 875
5223 6566 5656 8 962 4946 1621 601 1253 1068 1243 1243 5874 3035 347 4620 1045 1071 592 113
408 2237 173 4779 1143 6033 904 167 2953 2787 148 1332 3082 61 4397 19 1333 1672 327 5656
548 6050 3015 6248 454 1478 4751 2397 97 2351 1883 2242 1673 1688 1691 6910 1333 1778 2791 1358
1475 480 865 6759 3917 7 6781 4433 1611 4341 2808 1634 1246 2350 97 1206 3163 1032 2885 6781
1072 5267 8 4527 5138 4014 1644 3951 3822 1025 4579 1237 6186 1221 4515 273 2350 2269 9 15
2783 2905 2711 2350 2508 3008 1076 1723 1687 6373 1208 145 590 3035 4865 1033 925 553 6472 2269
1630 636 1666 615 4005 72 1283 2515 5431 6472 6249 2717 2720 2787 5935 6536 6481 541 6142 1313
1670 773 4674 398 1764 3564 1437 2202 2397 2954 1478 3935 6606 4008 6122 1283 644 453 6512 2784
1115 2238 2487 2290 1813 88 4942 1076 635 3286 1250 1023 875 1484 6319 2214 4911 540 100 5443
256 5928 4067 536 2236 4048 6337 327 3897 5517 4546 635 2210 4913 1634 1278 6197 4340 5844 1796
548 5749 1020 946 3579 1902 2720 2226 45 6288 3169 3566 2049 2924 1990 1317 4896 1908 2329 4686
123 327 1950 1097 160 1072 0 1288 4763 8 869 4766 453 3363 1043 168 69 635 2342 3363
5893 2806 573 2247 4779 1269 3344 5324 1262 4127 1464 1618 5656 3015 6421 1283 4826 2862 1511 5610
1563 400 2806 3951 4272 656 3724 72 3804 6566 1276 6310 4826 1992 201 6910 1776 2269 1291 1866
3571 4335 7 4604 734 2727 431 1252 1071 5336 654 1617 327 5823 2170 1654 4241 108 2960 33
6484 6249 2410 4336 1403 5319 3241 2783 5816 5825 2115 1511 5943 3585 227 6032 4727 1193 3965 5396
3263 1219 2488 2423 520 1037 1025 2155 1941 5 146 4668 352 0 254 3207 1037 1043 3015 1883
6186 1371 69 338 435 1130 6780 6809 2397 345 4065 2739 1576 6434 5321 3015 453 2208 2148 5681
1511 1009 1234 5824 20 2359 3804 1256 2398 3015 116 6627 4591 3564 2423 344 398 3712 464 1628
1032 4475 105 1504 6267 2267 482 1036 6307 6809 2862 4728 5314 6310 888 3477 2697 3435 4394 1767
2704 3031 1786 2202 5725 722 3068 250 3015 1133 1796 2427 619 4005 536 1758 2236 1369 3509 4469
173 5724 391 4919 3207 1332 894 1867 2711 2202 4769 6372 2959 6434 1505 3169 2533 0 6376 270
453 2427 536 2924 168 611 1290 4342 1776 2340 2186 2249 2397 1320 1210 5866 1044 6142 186 644
6050 6353 4450 28 2658 4234 6514 2718 2794 1449 1025 2783 1155 6423 573 744 2259 3382 1075 2346
2238 33 3678 4725 2247 92 6354 5068 13 4220 5779 2294 2350 1283 380 2509 3035 984 3724 108
2639 6644 3 2269 625 3564 2263 37 2488 2805 5557 5794 3587 7 6369 5839 2271 1042 4468 1884
2267 2717 6472 4475 1035 1505 6606 6373 1025 113 72 6262 8 5578 3683 5059 6032 635 1644 4826
1029 634 6757 3092 1072 1504 1611 5820 4588 1813 4469 5045 2238 5802 1302 1626 6716 4621 3683 5893
2954 4008 2925 6327 3943 3813 6593 540 650 6437 817 4865 6369 2924 36 635 6362 4008 2236 520
3571 5811 2924 2849 6032 199 867 5917 72 1866 5841 1371 2535 1556 343 1036 2783 5825 3434 408
6790 2924 1611 750 6472 1691 2247 1026 2608 1243 2718 105 2269 2691 3268 4727 1660 2319 82 0
3241 4731 36 5887 2293 4740 1245 4604 6645 5210 5259 6342 1457 5857 5214 1288 2431 734 1621 3274
1504 1072 3678 1100 1880 1868 2215 2351 5214 2330 1866 1594 5214 5537 2236 4008 67 4035 632 2269
1611 1561 5599 1276 1449 5459 6339 2924 6342 5307 8 1694 6512 1594 5393 2155 1036 490 4044 1255
3434 2821 2269 2342 2112 1320 5893 4670 5755 3134 1025 4538 2397 1789 3382 4326 1504 1503 6036 2693
6329 6372 6210 5459 2199 1970 6472 5811 4527 2238 3587 400 1767 5823 6566 622 1278 5841 478 1863
2908 6472 2006 1506 1561 1723 4462 2 80 2404 2692 2182 409 5816 2238 2208 3495 6337 327 6884
3711 2268 348 1025 1866 636 2910 6098 2350 4490 1032 925 5656 6562 1032 723 2258 1644 541 89
590 3724 1332 5118 28 1644 345 4508 656 1863 6031 2269 5823 1559 5768 1193 1462 2877 1036 5755
4326 6030 1502 6032 5749 644 1193 2426 6761 6083 4490 59 2880 401 504 773 3951 1644 5068 190
5214 892 6434 4604 28 2340 3035 348 1923 2215 5749 1589 1243 2215 3238 2067 1785 6267 3035 875
2350 397 2359 2351 6283 3617 2230 3679 97 1036 1195 947 2995 2805 3585 2924 1029 548 2783 7
6655 210 168 3917 116 2926 2330 3095 4919 5614 3732 1350 6 5261 2293 2293 3969 6312 3804 1332
6578 20 644 5348 2238 28 5799 2350 367 8 975 1475 3917 2351 4500 2974 367 2487 2247 5656
536 1654 1691 5755 4727 1097 536 773 601 3564 5610 2238 562 2300 3435 1341 2238 619 2787 3809
1035 158 2269 6458 644 5474 319 5927 2473 2871 2238 6562 541 4342 405 659 2878 132 476 1093
4728 2785 619 5659 5866 2412 635 2880 3435 1758 3571 3142 5888 1023 809 173 3737 773 3418 4433
168 1036 1326 4044 548 626 6472 2692 6310 2169 6860 1522 3969 1018 2806 7 867 3184 1003 6262
454 4540 1504 4333 1646 6186 5749 601 2805 6562 5223 1026 1813 438 2924 6248 1611 1262 338 5881
200 1473 5841 4475 4333 5652 5276 2238 5762 2841 5 8 3724 13 6472 5749 1796 435 5052 676
31 431 601 5218 4783 1511 3775 72 2398 8 5724 3705 490 635 2892 3256 1576 2788 72 3035
5412 2397 6031 4326 6310 869 635 6593 548 6513 235 253 6910 5749 2247 4333 4863 3382 6186 13
2514 5887 5402 2800 4122 6009 590 4238 2240 4826 8 4977 4913 597 4068 6122 5119 3 6031 4727
162 2280 1190 5796 1594 2234 20 4864 36 435 5807 251 168 6033 4348 2897 2342 1522 2365 1041
3274 4500 2504 1249 256 1262 141 1470 6313 6329 2787 2351 6292 412 3471 2612 1026 2543 1810 6472
28 2300 5954 899 5382 4005 5893 5319 431 1522 1278 3 6031 6373 2269 1283 4069 2787 4392 6
2349 4725 6216 6031 3032 3961 36 5796 5656 1026 2248 640 123 3 4371 3566 28 866 5768 97
632 5755 337 4289 601 3564 1877 2794 50 3434 3804 36 2294 4783 6292 1437 1866 3813 89 4005
1594 1317 1233 3964 2384 1617 5887 4591 8 3572 6342 33 947 5854 1117 2954 2423 5106 2707 1767
1511 1563 686 1350 6472 590 869 1559 8 6514 887 3008 2805 4287 97 3965 1336 1203 2924 400
60 590 3 1023 5 1620 4840 2805 2238 2238 4335 3137 5828 6562 3750 326 2658 4865 5214 983
590 97 3097 5656 2429 5878 6313 2487 5755 1356 400 2259 2303 327 20 2849 6527 5656 5823 1097
5878 3432 5928 6278 5348 1250 1776 590 60 1030 1020 1638 6 3382 1317 4863 2842 4010 3561 2247
583 69 723 2550 3959 124 713 711 2300 2905 5916 100 1231 869 1672 2783 1893 5474 3358 3435
2367 1711 6248 4779 1670 1511 1611 2274 5757 640 634 3587 3418 1621 5252 6910 2054 224 5025 1032
50 4008 1030 1280 5042 3813 1611 1929 1866 3813 611 620 3969 4342 1503 1694 3496 5030 168 1023
1628 1332 3587 4751 1808 3723 168 3382 5214 1300 327 2718 4490 520 346 1193 1522 5408 1292 6278
663 2934 6098 5503 2609 13 3592 1193 6472 1018 5826 6562 3951 1462 3015 2340 2351 6781 2369 4865
2423 1605 711 2862 3133 4752 2268 3263 1644 2269 6376 1338 5547 1617 8 1237 4823 1874 2995 97
2954 3801 640 1261 2238 3241 1302 5823 2223 2311 1437 1644 5656 9 1503 1793 1302 97 5800 4751
6088 250 1653 807 1867 2849 2397 635 1097 5799 6390 1457 352 6248 1594 6372 168 453 5319 2374
5755 4692 2410 5459 3082 5582 3382 611 869 13 2788 2794 326 15 3924 6249 90 0 3341 3155
2876 1753 6 1776 5804 2609 4008 4691 570 2434 1350 6910 105 4325 1037 1785 2238 2397 4674 173
250 1286 2319 6472 1559 6823 2430 3347 3734 1253 1884 590 2269 2271 3363 497 478 1219 4500 5459
3241 2188 1537 2868 6248 897 2878 4692 6362 5656 3704 2365 23 540 2344 2397 1283 2290 2568 5845
2697 6059 4127 5324 2269 380 2269 1808 8 4430 1656 5319 62 521 182 6552 2267 2697 5992 5164
519 4588 536 6031 97 590 1035 209 33 2718 3008 5902 4413 3241 1053 6171 3677 141 2367 6472
2238 4919 141 3410 1802 319 6257 28 548 1025 3466 6481 4965 5503 4919 2267 2731 906 6809 3207
620 2784 1326 6677 3990 1302 6112 404 3870 2351 2609 3435 5459 1199 2731 415 23 5459 2342 3062
5503 3606 2456 2101 1822 1884 0 1504 686 1332 2350 4865 2732 2908 2982 2259 2487 435 2213 2423
536 6031 2269 4197 3203 1025 4272 2212 4140 2791 500 1069 2849 5749 885 2191 5887 5 6031 1644
5755 6353 2360 6210 2351 1870 1675 5377 1889 15 625 2294 521 5992 6484 5841 1644 3207 5796 3469
2247 1614 2952 2783 3624 2788 4621 6484 6031 636 2351 1808 2254 1255 1670 3 6031 1628 1595 3382
5825 2691 435 173 4198 654 632 2165 4691 2280 6809 1481 8 4691 1670 36 1644 3951 5307 36
236 4971 1243 1617 1247 2805 199 1025 4971 1255 1267 2178 1458 5214 6036 1248 2267 1594 2169 548
3678 5866 1561 1025 2236 1644 4342 2169 640 3433 4670 947 1025 3966 5718 6434 2237 1326 1504 1291
453 2247 715 6472 4670 6593 1611 1208 5950 72 590 6 2269 173 108 2718 1326 3571 1778 5259
6033 5267 2263 6472 2717 1628 5537 8 1258 5318 597 2718 1290 121 4880 2360 3472 2269 4005 3724
254 5804 1628 20 2191 2202 4690 1561 3434 2398 5214 3028 6312 2054 6292 4065 186 5610 887 5823
35 1753 5071 2427 2248 6268 3035 368 1258 2515 2924 4501 866 1594 5811 4668 4751 4670 1594 8
2456 3513 2487 2370 5829 2340 1559 1796 6431 3092 3711 867 5474 898 1072 2783 6050 1884 7 4691
4441 5884 1594 2932 1968 1287 3934 1110 4747 548 1033 3564 2806 619 5041 6 592 1447 5804 2247
2267 2412 1915 4065 400 1570 2350 1884 2342 6050 1043 2238 6809 1781 4692 1025 5811 1605 6 1320
4780 5541 120 2783 1286 1025 392 1522 1256 3358 6562 4849 4863 154 1523 1255 1267 5621 2259 3951
6693 2509 5414 1630 1594 5318 4823 1670 2924 583 3737 4289 3734 3318 6761 2924 1302 2247 141 1802
2609 1356 1893 1542 888 3986 6859 1478 2609 113 168 2267 1302 1537 6278 4054 2051 3092 1262 5656
640 4441 6324 1767 3571 3944 5038 1889 5071 4826 4654 2238 28 4238 5348 6248 28 2397 3035 6472
6895 1723 2350 490 1247 3365 3793 1322 2280 2236 2783 139 4420 1813 1764 1092 3605 1262 3410 2949
6910 4508 1233 592 122 5841 6206 2340 4971 6703 322 5214 2178 5943 595 4752 4490 4371 5854 21
1068 1287 2924 4475 5755 3274 5943 2568 894 6571 3148 548 4005 3564 2533 5893 619 2806 4826 3564
875 3008 2707 1333 0 1504 4515 1276 2324 345 6512 4008 2002 3724 1292 536 5436 5009 1672 611
3318 1527 1867 3434 2202 84 1701 461 6031 349 2202 2273 327 84 6659 1908 5816 4670 925 327
1036 3564 46 5610 72 3434 592 478 2351 4863 5512 5943 1859 5621 1594 1514 3924 5227 8 29
2240 415 604 5388 400 4127 620 3737 3564 6197 108 1601 1440 380 46 2751 105 1594 3207 6781
6781 5987 947 4779 1288 6481 4557 5318 2238 592 1447 892 4830 3363 521 2952 5779 632 2303 1944
637 132 408 2692 6033 2892 6434 6259 108 3365 2350 1580 5610 6472 1333 2351 1252 5318 5218 3943
2051 2924 3369 28 327 975 415 7 2274 33 2215 124 3972 4840 2592 50 1036 1644 6319 1618
6186 4238 640 2636 2562 504 2191 6 6083 2827 3624 1052 6237 2427 1687 2423 1657 4727 347 9
3679 8 1894 4333 953 5503 6186 4490 5874 2269 5818 1288 4239 6324 2849 35 4341 6801 6329 1326
2155 1243 1601 6261 4220 2845 5820 3434 1221 6611 2697 6536 3951 1561 3341 72 1246 2236 1537 1537
4619 1688 4335 3207 6566 1687 5860 1317 2236 6423 1171 3008 1036 3951 4826 1634 4752 4919 3804 347
1036 1326 947 5884 1193 1093 28 1644 2410 4413 4469 4355 82 1326 3804 975 3300 4244 435 1511
4725 6000 2361 4604 2855 69 2351 5815 644 1239 5317 6310 6485 6142 3571 4241 6362 4626 334 6591
344 2472 4469 4557 4919 4475 2658 1522 2236 4686 5059 2397 2236 338 2365 1517 2423 2351 6740 5333
2488 327 6277 4378 4433 3015 6611 2398 2908 1982 2720 1262 2658 4692 1802 4949 5028 2731 6882 2223
3273 2783 1618 3363 288 3959 3587 4008 5943 2314 6206 4591 5214 5811 3751 72 3241 28 151 6566
338 4912 2177 3723 1073 6032 3207 6848 4065 2902 3035 3917 478 627 4892 141 4241 1166 2487 3951
1104 3571 3951 1722 8 4054 2350 4751 97 0 6251 597 1816 338 1248 3263 1504 2791 2622 5610
869 105 2303 5787 3318 3434 28 5656 1043 3015 2892 385 601 5887 6536 6353 2365 535 237 6657
6472 2269 5796 4054 1590 5337 421 3870 4826 1018 3951 4674 218 2694 4725 636 1470 1939 2238 1036
1691 1036 358 3363 108 1278 2397 1594 4826 28 5691 6910 342 3363 2667 2423 1767 5755 20 1654
1278 1504 1288 6445 1243 6310 1037 1193 6472 5866 2269 1033 408 168 4309 1326 3062 3148 2303 548
3241 984 4727 3564 5252 1308 65 2423 82 3564 6160 2954 121 5459 6520 947 97 4008 1867 6347
2397 400 4849 20 1239 4435 1278 28 875 5901 3365 2350 2934 1077 2365 5824 5322 5825 2437 4751
2238 1644 5214 4621 541 4823 2902 5916 2954 2340 5863 6032 97 5823 2342 5230 4919 6593 2351 8
887 1796 1255 3035 6562 2397 3711 2878 1475 168 8 4604 2053 5610 352 168 4751 3 865 1764
2238 6312 2487 4241 1866 59 1290 3032 345 8 1025 201 4013 3142 8 644 2697 1351 1043 2877
5 6566 23 6899 72 3 2242 750 2601 9 2905 1172 1101 6757 6029 434 186 2718 2202 5724
6362 3475 4441 5660 3951 1828 2238 2350 6083 989 2651 5453 3382 1221 4244 39 2242 3028 1255 1206
3058 2319 888 4668 28 431 5814 4588 6472 6186 1808 4511 2908 1867 3943 0 3477 1980 345 1250
3382 5 5887 4826 20 2350 1475 1072 6362 68 209 5811 6472 168 8 856 6036 1915 435 4692
3587 2523 2658 6197 2924 6512 650 644 1747 72 632 5565 6525 4674 326 25 2805 3683 28 2787
6823 1866 2364 5935 5978 3951 1522 5811 4012 993 168 1515 4336 4568 1927 6197 6186 2692 2954 2319
5544 5210 5887 1688 5 3951 6211 359 415 3022 116 1023 1026 4065 5414 1644 97 4913 72 1908
6078 2718 1036 2412 2350 1036 1594 4065 75 97 4342 168 1776 89 4241 6324 521 1332 5473 2238
5829 6329 2247 3363 6221 2182 1644 2662 2351 121 2319 5324 482 1641 2360 6882 3028 6339 1092 5214
548 6197 400 3035 5755 4198 6369 1638 1899 2794 1449 141 3732 4341 1215 3117 547 1688 5214 3835
1193 2238 2924 1594 146 4342 1644 2787 3031 5595 2397 3917 1644 6218 778 1688 947 2165 327 2878
866 355 2342 20 2880 351 1558 3813 5537 97 2711 2247 3564 4362 5276 2924 6593 1865 3587 723
4826 4826 1733 1243 2238 6036 3418 590 3363 1288 3171 1628 1097 1093 72 1644 4008 4441 2805 2423
6422 5614 4727 1504 1930 2238 2350 2268 628 2535 23 650 6362 6860 590 4727 807 1615 2397 2784
3 6031 5749 644 4065 1461 2238 1283 620 2718 2267 55 888 20 1389 2711 635 4826 1670 5935
1220 1866 6353 5804 1504 1224 3705 2267 1504 415 230 5839 1309 1332 1253 744 5276 41 3 6031
680 2248 3434 5879 1449 6294 6373 3137 2423 4441 3418 2340 1504 1451 4957 1688 5920 1568 60 0
97 6197 7 6197 2199 2350 2711 412 152 2364 4726 1043 6364 2711 1037 5944 3943 5225 5725 1866
1769 3564 400 6315 4638 2166 6171 2949 5348 1576 2242 4120 2423 1036 1618 6292 1594 521 4441 50
84 4686 2238 6036 1789 6781 3274 478 3789 3203 322 6209 3606 1537 1618 5214 8 5408 5752 5749
4272 6112 5459 5025 4134 3587 1614 1504 1504 2805 1333 4335 4198 5317 5825 2378 5659 5816 3679 3015
3008 2367 5317 1051 4731 3509 3274 6472 4919 892 6482 72 925 5537 8 1220 2568 290 3813 5660
2238 6353 2697 1271 33 536 5768 105 1672 97 4826 2805 1199 866 1290 1870 209 2397 2259 3804
2404 1036 345 1369 4441 2340 1628 628 344 3606 875 3134 5038 6913 6910 3711 635 6197 1866 2351
1776 1888 4333 5954 3917 5656 2397 97 2398 2319 1802 6206 6033 1893 4289 3092 663 5854 2350 72
2423 2711 1285 2361 5325 3564 4008 1687 6527 415 2361 5314 5935 36 97 482 338 8 2225 3564
1776 2783 39 344 1605 892 4065 2874 121 3713 2707 453 2833 1030 2294 1193 5844 2238 69 490
39 6472 3418 1326 6362 2939 6313 1290 1638 13 4238 1097 894 5118 6475 1262 1033 3344 6852 1691
3966 1561 1243 1018 3015 7 2697 6142 4826 2397 1023 1283 650 2247 1727 1915 6204 3943 5844 5656
640 1193 2238 1449 376 368 2247 1541 5656 2242 597 1413 953 2200 1621 644 6693 4400 5820 0
3561 6036 59 2609 2837 880 5214 4668 864 866 6353 37 5690 953 5595 28 5040 1638 3318 4670
4008 6677 233 6484 397 6249 338 3677 3274 5557 5916 4065 0 4291 5805 2697 4826 2871 711 5934
4751 2342 647 1332 2487 355 3363 5656 68 146 2049 33 3 2269 8 1813 6472 60 1621 2319
338 148 5358 319 674 1306 33 2269 3835 6202 4008 1785 5551 2238 1941 1559 2269 644 1796 1504
632 1727 2182 984 2274 4604 5877 4469 2191 1036 1537 5656 108 5223 2787 6292 5724 869 2303 8
1025 108 887 4364 4740 975 1283 4008 5245 2259 1644 8 386 3434 2238 1331 1262 904 3724 108
415 5325 4005 6261 408 2711 2274 6362 620 5214 475 536 2300 3435 3564 3705 349 435 349 3341
4008 5928 2427 36 1221 3574 53 1882 637 338 2359 6091 3965 5844 5802 4670 370 141 4073 5610
5563 1921 3349 105 345 388 5171 1559 2601 601 5610 5802 2397 2351 2247 4588 5348 2243 6 1644
6484 2191 64 3300 2041 4036 1015 153 4849 2269 186 2267 4008 4863 601 974 3724 1239 6029 1630
1033 2242 1239 620 548 5348 2707 2191 6329 1621 454 6627 2732 20 5854 1093 72 97 5214 8
4919 69 3 1515 8 1867 5842 6472 199 1248 6657 6283 3564 562 2236 97 2951 1035 3687 1068
722 3804 1504 611 5916 2269 4050 6203 619 6593 1864 5318 145 108 4392 3382 3382 1354 2535 6327
2231 6029 869 1043 6472 74 6091 1025 8 1505 5261 2718 1036 2833 1290 635 2169 4505 3035 865
535 1316 2361 341 2856 4541 6562 6163 4073 5825 4241 1326 5943 1278 5842 478 4244 1503 6615 5863
328 2837 2350 6761 6292 4500 601 1722 3435 1523 6119 2924 6536 2350 1032 9 1285 4068 1350 590
4198 3472 3965 5218 4458 2346 778 400 168 5 97 1504 1438 6313 541 2351 2199 545 5749 2787
5656 386 3 6031 2787 3171 151 2488 113 6197 524 3959 3679 5887 2300 3972 5006 2238 4433 2515
124 1035 5325 5317 1866 2365 875 1121 6362 1556 4751 3711 1666 3017 3 6031 2787 2342 2361 2906
36 6186 1503 5823 8 1556 3870 8 4557 1758 400 1262 2267 138 23 1220 1522 2718 2410 2783
338 2862 3318 4540 564 2305 1705 2238 2350 541 6848 6204 3959 6206 2487 2487 4008 6033 2168 6904
6083 1036 6124 2608 6088 6 6353 3804 644 116 6566 925 2351 2247 2294 2177 108 2238 1776 2351
6036 2711 2267 327 2023 558 490 5470 869 1594 647 5864 6036 2 138 4840 1134 2954 2269 3687
5348 1025 1068 1255 4865 5225 3509 5053 2722 2892 59 644 2635 2805 3241 2397 1248 3566 2305 4333
2954 1036 1522 592 6472 3062 44 2880 2908 50 2794 866 0 1220 327 339 4394 555 2921 1018
5503 6036 1753 1221 108 1341 1017 1617 28 326 1502 168 1701 3904 2849 2340 601 9 4771 6472
1884 0 3711 3092 2105 435 1505 4971 4864 866 2711 2359 5214 2242 5610 72 2952 20 2417 2360
74 5319 28 4865 5041 5881 2841 168 1023 6566 2060 3587 2191 151 3804 5214 6266 2163 2509 23
5461 1056 521 2397 1630 620 6009 5348 1243 590 2360 5764 1758 1503 5214 6261 1563 6536 5755 635
72 6324 3035 564 1271 3466 352 6 625 647 3587 33 636 4308 4031 2711 2238 400 1594 1796
2805 5561 2350 888 2718 2238 2350 5804 3724 6434 3605 6310 6566 1780 2924 6329 4238 2006 6536 5656
1326 5749 6250 2238 33 345 1796 1072 5978 1332 5825 1644 2952 3724 535 1898 3750 1018 1644 4054
4053 2271 3070 2794 425 2412 3009 1072 4670 4683 6216 1294 2351 2247 5823 1872 6895 6009 1193 1046
2238 2950 122 348 5261 5881 1866 536 2350 1036 6206 1025 1451 28 2236 1880 3241 1866 583 635
60 5887 2543 4780 636 3677 381 2397 6 6481 2367 3583 4919 3340 3566 251 367 4475 121 3363
72 4919 97 3263 2351 2913 5944 6472 2351 2794 2247 6033 2359 435 3435 536 6206 1907 141 1326
2361 869 2300 1121 1311 1475 2247 1796 5537 4279 4780 2259 6186 478 13 2341 4681 6 1036 1332
3943 1072 1502 1206 1511 1025 5459 2155 2350 644 5614 2446 453 1026 53 6809 3015 2609 3318 5841
6434 975 3333 5614 3606 645 3466 5823 6197 6533 6657 132 12 1326 925 637 644 2880 867 6421
6248 5348 4065 3391 327 4065 3 875 1231 1068 397 5582 2658 4766 4751 6292 2901 1251 2707 590
876 6353 2783 485 4092 2185 6514 6029 4458 6186 1617 1262 0 3008 989 365 3432 590 1884 651
2658 6848 4065 5825 2954 13 4005 61 4977 6884 5755 1035 388 100 1032 6472 5755 173 2236 105
15 2213 5317 555 2423 2871 326 2533 158 5724 401 5528 250 3917 5307 6606 2288 4588 1654 2191
1808 2924 2397 6031 105 4008 5214 3363 1042 576 6243 97 6627 2806 173 975 1559 6329 6472 1620
4008 888 6197 5314 867 4073 6434 1672 2783 2410 2452 3734 2226 5431 4438 2269 8 426 72 5841
1243 6312 1621 628 974 4378 6036 2908 3044 3943 590 3035 376 1243 4670 1537 4289 4291 1968 5210
2260 693 92 1813 3468 6472 1866 2236 6757 2697 4751 6032 2274 3935 634 2397 453 6353 540 1035
1890 1510 2342 5318 108 2508 3804 2199 4324 6757 3008 8 5755 5337 6882 2658 4068 5045 604 6910
5712 2191 1884 1796 1025 68 3713 6204 6206 6031 2236 6 5009 6171 1075 8 5318 4776 168 1617
5804 6759 373 2384 3382 1644 1503 2975 3724 2238 3 3008 5757 2952 6472 1018 326 5812 24 869
6354 2351 1504 338 4727 182 4234 876 59 1097 435 141 5387 2718 2711 116 2412 5804 6536 2169
1594 5724 4500 108 6206 2787 5882 3789 1249 3206 84 158 108 168 1023 2365 546 2967 4397 535
2487 5776 6484 982 5887 892 209 1250 1033 6757 2833 3804 1478 2360 6848 348 1246 2259 1032 97
628 438 2269 5656 3318 3036 2718 1621 338 4475 2805 3434 20 84 2290 6079 2924 6759 1026 885
1333 4287 72 1941 6527 5214 947 2533 5829 6484 3 6031 3571 1253 72 345 647 597 6204 1615
3564 1863 6186 4826 158 3969 3107 2238 3 6031 1641 2913 5824 5084 1036 2263 2423 659 408 6033
5893 3813 3062 6311 1723 4591 1908 5724 4923 1025 1884 2954 1580 6354 632 28 650 2398 33 1644
2533 1511 3724 480 1072 327 6261 3809 1644 1504 5473 1093 5829 2269 2247 1033 1707 4538 2397 6372
1053 6353 6211 715 865 1644 5829 4546 2234 1332 644 1035 4469 5934 2268 5459 4923 6484 4919 4289
1915 6294 20 6313 876 1562 5656 541 5882 1121 1093 5348 20 1243 3 6031 5842 490 2787 4068
3448 6211 28 1029 867 1306 4544 1326 1537 2317 2049 162 462 3008 3008 2101 2280 5755 1503 6525
6364 168 1502 3435 4324 2238 6186 3382 2658 2931 2934 6292 644 875 6362 2939 6266 1037 5595 6575
3032 1644 0 1776 2267 6171 3587 33 528 2247 1234 72 2787 68 528 4522 72 1262 1943 1221
4068 1893 408 2340 3930 82 41 3751 5466 3813 5561 3274 1939 2924 6186 6593 2718 1035 6210 13
4295 28 0 3363 398 229 3206 1884 638 1941 3587 619 676 2880 5450 5820 1776 4475 1969 2288
4919 6373 3679 227 2949 6818 6248 1036 3682 3434 1290 5854 6324 1559 4238 6009 1705 5314 867 3724
1036 620 1006 6525 74 173 8 2342 773 2658 4500 1561 2427 5399 1675 5358 182 4017 4024 41
1098 4288 6484 1866 1262 97 6362 3082 5893 72 1036 548 521 6 2783 2294 3330 3238 2360 625
4670 2351 620 2294 6200 1218 1559 1036 1030 620 2533 3724 5485 72 4008 6848 5623 3885 5578 408
2242 5825 619 1641 5537 0 5348 3564 3712 2397 2351 5031 4954 1559 8 5431 2213 3015 1302 4865
2906 6910 4919 2247 3300 2238 1326 6197 6327 4430 5877 953 1243 6472 6186 644 1693 3943 5 6627
4010 2340 6372 8 3116 2273 1249 1475 1884 947 4557 1350 1559 5512 5755 4725 1317 2150 3724 2378
1243 3035 2508 1029 1280 5796 3564 168 6757 6481 1511 2805 173 4670 2954 875 265 4794 1566 453
3566 397 5582 6032 1035 148 1950 44 4054 2051 2360 1504 5370 3678 4008 97 3747 6203 6312 2718
2849 2236 2169 3300 6458 2215 2247 1035 53 6562 168 1072 1628 1206 2242 4620 2805 6360 2191 2833
5724 72 4238 1561 4234 235 3724 9 3341 5863 1043 6593 2717 2704 6757 6186 875 1634 5765 2269
866 6036 4919 875 5267 1726 2350 33 6757 6910 1579 5928 633 5610 97 1023 3944 2934 67 1043
2731 2856 72 1255 570 1287 1559 6369 1802 50 2191 1206 2177 4073 2238 327 1796 8 1503 946
1352 2827 2779 1073 33 5854 89 5009 686 1218 168 1032 2924 1036 5854 1043 3564 2753 4508 2794
6353 21 4826 868 454 2609 1250 5461 6567 20 2359 947 3008 6142 1475 3434 4826 3058 1893 28
3263 6206 2849 5259 2269 3564 109 1023 36 347 2826 1221 2924 1540 1930 5137 2423 3418 1018 4241
4005 5656 2259 2924 2350 6 3092 4783 4533 3723 8 2783 1930 2794 6262 1059 1813 2544 1326 4674
1889 3274 5923 4776 2954 3495 2609 1206 124 3804 3711 4823 1813 3369 1052 1767 8 6211 97 3579
2269 5757 3734 6313 9 8 97 4335 1688 2397 1080 2248 2350 28 2360 1262 644 3466 1611 1371
370 5223 1611 1867 2236 3207 6578 168 97 2214 2697 6237 6472 2269 3363 1038 6910 2924 3241 984
3450 1193 1068 3586 4010 644 1963 2303 6032 865 7 2609 4469 4681 72 33 2783 1939 2912 869
4399 1989 5119 6484 50 3238 331 6279 4479 540 2805 663 1884 2236 2342 5854 6562 5755 69 326
4604 2817 1032 1748 548 1541 789 3732 4977 3241 4919 2391 326 1915 1193 1243 6032 3951 4826 20
632 1036 2805 1071 6562 97 5656 713 4670 3870 2351 5854 640 1237 3606 1449 97 2550 1451 116
2226 635 4008 5544 3713 1635 1753 6032 5804 4289 1638 1437 408 1276 3624 3809 6312 2182 97 5823
962 72 2367 1504 3435 3585 5577 33 3015 6310 3951 2242 4419 199 1208 476 352 1018 4944 2215
5724 28 2360 3435 5408 2747 36 6373 1764 2422 604 1758 1023 2360 2214 213 2856 6797 5768 6329
50 1866 576 5881 6370 1559 3951 44 5325 1813 3318 3734 1326 1449 3720 170 3713 4392 2182 4238
2658 4005 6268 2711 2924 1563 2718 3959 888 4604 6449 4871 412 1939 1018 1758 158 546 4082 1193
3015 5660 2833 5214 628 6817 352 3382 2269 2783 1802 5317 5825 3092 5259 2423 33 6248 1193 750
2247 6342 6859 1644 2954 693 2377 2924 1072 158 4500 647 3432 116 45 3243 5059 72 4511 6138
2263 6294 644 2342 4783 4725 2290 1808 3564 6472 1326 778 4198 509 5333 586 6505 3734 2367 3724
1753 2247 628 3363 5864 4326 1072 2365 338 21 415 644 4871 1375 28 1326 3363 5950 676 425
4913 2397 3951 4754 3737 6458 2346 5485 6186 1630 2169 530 108 4048 6376 5218 1056 1221 2247 573
6472 4919 6369 2163 6089 4919 2359 2787 4508 6078 1025 6677 100 4780 6036 72 1029 6031 4674 2533
1072 3870 4008 3711 1333 2487 2954 3142 4068 2350 6472 4849 1023 1512 6848 1326 521 6913 72 590
108 1645 1333 1502 644 4604 962 3943 1863 6538 20 2191 3532 2906 3564 1406 6032 1594 5656 1867
4188 2397 3804 158 37 186 5986 3015 376 2364 5844 1670 1522 5443 2397 6575 6292 4779 983 866
3045 108 1789 3062 3923 3 6031 2717 3008 3205 984 620 640 6036 6032 1326 179 5214 8 5805
6204 4127 28 4008 1332 5459 2954 4540 35 2268 1915 385 2290 6472 3241 989 2377 33 36 5857
644 2805 3573 6249 1281 6186 2523 2170 408 1326 251 3908 478 4725 1676 1666 13 2934 9 6261
6233 1371 2833 1018 5823 3734 6838 566 1036 6124 1239 1093 636 3944 1966 1025 5459 5389 168 84
773 3434 1035 398 1710 2238 6761 2359 20 4830 3564 4688 4919 69 4727 1723 974 2397 2397 362
3678 2360 4430 6327 1032 1653 1133 186 5893 1101 6036 5318 550 3341 3724 5252 5120 6562 2711 84
2238 1036 1767 2487 644 3435 4997 3 6031 1796 3300 2949 3133 2806 3951 5770 2954 454 6279 5804
2238 36 590 1808 2269 892 1504 388 2274 3944 564 5398 186 3031 2423 3203 2951 620 5820 590
90 2365 2247 6290 2342 5818 1246 541 59 3737 868 1594 4668 2238 3203 2351 1670 2401 2924 3951
1594 4336 6160 1029 4779 1356 3137 400 2806 2267 1193 6809 6562 6627 5902 3286 3256 2806 2324 4321
3116 3943 2972 4670 1219 4309 37 4469 1542 4670 2269 4826 2364 4433 2359 80 1893 1646 1278 5802
2658 5214 5557 5459 1504 151 4727 108 636 6206 4674 90 2787 5899 2722 2238 3241 5214 541 23
662 6371 5822 6472 4670 326 2787 13 6261 4092 5887 1880 2976 168 4830 3125 57 3789 5917 6472
3435 1475 116 1023 1594 2319 3382 3206 564 1221 2236 490 1802 1605 338 1669 97 2722 6248 6032
1452 23 5757 1764 370 4840 6437 2397 490 1595 341 4919 4751 5823 541 3341 4783 5471 5887 2609
108 6910 2350 6171 121 37 4674 1320 3724 7 2267 1579 114 3 168 1072 620 3274 4371 1294
2169 1753 4692 715 1503 3571 23 975 6472 4919 3951 170 8 2949 3943 5978 1688 635 2178 1723
3418 3035 3571 2488 4054 6657 84 4604 2868 6283 5595 1821 1939 1866 344 2269 398 4934 1243 425
4110 620 3724 5844 3571 108 1723 556 2170 651 1018 2849 2273 1332 5441 0 590 82 1029 6337
2238 2423 2901 5320 5893 72 3434 1036 521 3943 6206 28 4092 4371 2856 4740 6794 1475 1036 8
3951 2324 338 4826 2805 1306 33 4849 5906 431 2319 5006 4005 5317 2718 6 3241 2487 4068 1786
2397 3363 6600 5 173 991 5818 6567 601 2342 5453 1630 875 6677 3737 4072 2693 36 875 1638
1764 2697 4197 1907 5816 1071 1789 3605 520 199 4376 4728 3574 6657 5557 72 6312 2269 370 1071
6773 4279 68 141 2533 383 2191 2105 435 4035 3363 5844 3434 6206 3896 3051 1510 2351 3204 1197
5656 1193 344 173 1033 2949 212 28 2954 3435 1694 1417 168 6031 39 2247 72 5893 3434 3238
3202 6247 50 2427 182 1023 5 650 3121 5768 984 5749 8 5214 2488 5485 2238 1036 4333 1266
2479 2350 6372 3274 5337 2924 2236 490 4008 4054 2783 6855 3896 1249 5975 3300 6434 168 1884 2692
4840 2215 1644 68 209 4341 6186 1221 2274 2263 2360 1286 6036 2952 4668 6160 5516 1767 2238 2371
2707 2805 5314 1627 6525 2163 5152 1076 5 1778 1690 2191 116 1493 5337 651 3382 1256 1764 3363
3943 2202 1030 2269 1058 3713 1035 2199 1630 2351 4198 750 536 2398 2957 5009 2423 2273 28 2365
2397 2508 947 327 1208 1869 1069 773 3418 6206 4913 6472 636 625 5421 5348 2722 1221 6472 2876
359 6562 984 435 72 1036 2351 2365 1206 4840 6036 397 1748 2269 5824 2924 28 2360 807 2238
1672 888 1705 1032 2237 435 3564 5009 1670 3917 1036 2269 2908 2346 72 2924 1326 4008 6266 1438
1475 3363 5459 182 6655 4731 6575 566 4501 4092 6362 5832 1634 5432 5820 5614 2330 6677 4177 3921
537 5857 4668 542 72 2390 6237 4919 2267 151 5882 5816 4740 6089 2964 97 2787 1915 331 4863
346 3720 1764 1796 478 8 4779 1670 5118 8 1930 33 69 1302 2364 1764 5348 1808 5459 5459
3035 1449 478 6353 1504 713 1727 4923 6848 605 3789 1688 5755 3801 475 1796 8 644 4911 1075
1072 4670 1283 5537 3434 4490 3035 1478 4035 997 5860 5749 1621 3008 6206 2427 2787 2311 2783 925
107 6329 6249 5314 286 636 4177 6259 6259 1646 431 2849 2364 121 4198 5314 6290 6666 6589 6823
1443 4134 2487 6372 1221 5348 1332 5610 947 3951 1221 8 1813 2718 105 116 6373 435 4378 2238
1017 5860 1449 284 4751 3274 536 6036 1941 1352 1221 2274 1206 2361 2191 97 1511 2976 1278 2849
3241 3566 5826 5066 1302 1326 5804 5214 6327 72 1036 2319 1522 4357 2954 842 1193 1332 6200 453
536 60 6373 1511 182 72 33 6882 4779 1511 6204 3959 2360 4501 1737 866 4008 3747 5572 1043
2787 1522 4678 6220 28 3092 2240 1025 2983 1813 2651 116 2612 6029 3068 1309 6635 72 1481 2658
6307 33 1326 2365 453 2360 20 62 6292 2410 2168 3916 168 4044 4863 415 5557 1879 6197 108
1288 6032 4727 1808 2351 5348 894 619 2720 1036 3724 5348 3724 590 2269 1618 3335 3917 1620 6781
8 54 6781 3959 2397 2732 548 6362 192 68 6197 2805 6484 1350 3585 1449 1452 1035 3300 1199
118 4371 4740 5802 3 84 2592 4668 1234 3434 4919 3564 6458 25 549 552 6562 6627 13 4779
3341 2762 1672 84 1620 2225 5816 3724 1764 5325 5812 4533 5749 1802 559 5396 4024 1866 2397 2
4981 4751 1029 1033 6206 4725 28 2533 141 949 3203 8 6458 1526 97 1036 2364 4220 2806 1326
5059 1866 5887 5459 4604 5459 3789 1326 0 6142 92 6327 1286 3241 5214 892 398 1722 251 866
3 136 5459 1941 2224 2351 2787 3062 3573 2236 3813 5757 2259 6036 204 5828 2692 2787 2783 1058
1690 2312 6484 2849 3870 8 92 2168 6577 2351 1764 5459 1939 28 1490 1439 601 5408 1510 2827
556 5893 5820 4919 2105 1730 1641 4008 89 2783 2805 5826 3404 6362 975 1894 2397 6310 1641 4050
3015 453 327 44 4494 1449 1285 5608 97 1594 5459 2360 2340 2412 875 1025 2452 4333 597 97
6033 3509 148 4371 1205 5825 3363 2592 5935 1672 5749 6142 3058 5408 4074 1475 5804 625 4604 953
4397 2719 28 2105 1537 1332 1927 2805 2533 5768 5 5348 1611 866 5055 635 1255 2473 370 2908
1808 6310 4342 4692 2568 2691 4324 1231 1758 2269 4008 1333 0 327 3477 2846 2397 4433 4826 5854
5726 1687 4620 3767 5893 122 5009 4094 2238 28 2785 5318 2987 2880 4692 5854 875 5777 4752 3382
5820 4670 37 2488 6635 771 2259 33 2849 68 5325 5824 2924 1072 628 5656 5823 2248 5659 339
6372 2361 6276 5656 408 2487 6757 6566 4863 1278 1326 1326 4467 1015 408 636 5432 4706 867 5656
1023 6458 2924 2263 2231 5059 548 20 6484 3015 97 5214 5459 5546 3015 2658 114 1437 3035 6248
1018 2658 5333 8 1193 3434 97 1594 520 3015 28 6512 2533 3564 210 6627 1813 2974 2386 4005
735 1062 5218 4295 1093 64 1670 1255 4737 6310 1594 6197 974 6319 3294 3092 6032 2299 3274 3028
3092 2806 2269 615 2592 744 4544 1950 1644 212 869 168 3382 4692 521 5916 3453 97 2313 5818
635 6379 5769 2342 435 1015 651 723 2359 2351 105 1562 6197 3566 592 2236 1030 84 2718 3587
4751 885 1463 5459 1308 2747 6031 1504 3363 608 6527 6472 82 3008 644 1193 6472 1691 33 1283
415 2787 2294 4863 1723 2697 6472 2350 2924 1322 5348 5776 3959 4670 2303 1332 1441 5924 504 2745
1930 1451 773 866 1448 6431 4333 2239 598 4751 1036 1988 199 388 1666 610 3 6848 573 1457
245 353 3564 2622 137 1333 1036 2290 3274 3219 3001 1018 5752 4727 3564 6434 5040 4187 4358 892
2238 5314 145 4949 97 2787 4333 2267 1036 8 1511 911 1243 2711 3382 168 69 4371 628 2360
33 2692 6206 1030 2954 2427 3734 33 4752 2487 6171 4371 3564 6455 541 5214 3434 5660 696 4863
984 5441 1148 1192 4912 3677 1891 5811 3090 6317 6527 3724 1286 3240 3092 3092 904 4692 1595 116
2191 2806 1512 435 504 1528 1262 1785 15 2238 4919 4840 21 2191 4683 5755 454 4008 6761 1333
2783 146 1437 2806 1522 3592 63 6337 1778 1036 1533 6817 4385 4197 6200 6458 5377 2711 2267 2783
3363 3946 2423 1628 141 13 2868 1634 4525 2924 4008 6216 213 3561 1302 4508 3363 1128 2359 5811
1475 1204 5630 3737 2360 3564 3382 6593 2269 21 148 3363 598 590 4830 23 4995 644 983 4780
319 4909 4053 13 982 4670 97 5656 1332 5230 2938 6320 97 2783 1589 2458 1767 8 53 179
1333 6244 2221 1326 6578 5919 619 1290 635 108 2924 1884 659 6142 1356 5337 482 1030 1654 1072
530 1691 227 2975 3966 6031 1672 2365 2949 4686 168 3092 1559 6171 1870 1764 1514 2330 33 4919
1636 3435 6431 5825 97 3068 1721 1758 5 1504 5068 1278 1577 5230 4007 3943 3015 5882 339 590
340 3134 3577 6342 3925 3092 4430 3564 3434 97 635 3713 6342 2693 1802 1594 2177 1687 1512 2214
734 644 5992 3349 541 1870 1883 6421 2711 3951 3944 3363 3943 1617 8 1867 817 1644 5348 4177
1326 6677 6273 6627 2827 5881 6657 5811 1332 1767 6362 6855 1670 795 4954 2924 2267 2894 6204 6258
3809 3636 6484 2806 4971 210 6472 4919 3870 4326 1350 2350 2269 4279 4047 72 6757 2351 2784 3300
6677 4288 2378 514 6249 341 2290 911 1511 379 1796 1687 3943 5804 1859 346 1350 6472 6206 625
136 1171 911 97 4008 2892 2112 1776 4779 1563 434 4670 1290 2240 1802 5392 3494 6362 1231 1332
173 2856 435 1504 5755 2263 3333 1582 2271 2397 3015 2952 2294 0 1072 97 620 4371 3382 2
5866 1748 1258 1009 97 2346 1072 3207 1666 6780 1069 1449 2351 2952 4197 474 2290 1796 4826 5325
69 4830 604 2568 2974 599 6249 6373 4913 1237 2238 2346 1688 2364 1950 817 1350 2238 1866 478
107 4751 453 3206 1250 1590 5811 72 1032 4766 8 4840 5459 715 1670 5494 108 6266 3 1475
5583 90 548 4528 1696 6024 635 8 1193 2115 5893 1884 6472 2269 2862 1071 4752 1036 3951 6527
475 6434 1413 1646 160 620 1503 3951 4400 6327 173 3751 6472 5459 3163 3750 599 1075 1785 5
2401 6472 2794 3432 4912 5459 482 1758 5823 1470 1670 5916 3870 116 0 4769 1595 6536 5823 6009
975 3241 2508 2269 4053 1778 5888 5059 2236 3382 6512 108 5806 644 20 6430 122 6032 4751 2269
408 3 2487 5841 1628 2635 4863 1033 6278 2965 1317 3678 2191 33 482 2401 644 4691 2239 2238
2608 5316 1884 490 13 3919 6472 1023 4008 1611 644 4580 1481 2658 1930 2350 1072 2268 1504 1317
1522 2318 4901 1204 2269 5459 6033 1758 1504 722 5512 4241 2080 4335 6627 3300 3677 1033 570 1032
6505 4863 6434 4780 6627 1594 4244 867 1867 186 0 453 1326 1025 6211 4751 1504 234 2236 1036
2692 36 6262 3008 1595 8 6369 5314 6627 2236 327 6210 2238 2259 3203 35 5459 3341 4026 6036
3510 6032 867 340 6334 1977 1605 6472 2718 33 3813 1502 2303 342 520 3178 4065 2924 5823 8
3712 1475 5928 1020 6312 2473 35 108 2244 1866 3065 4469 5580 1017 348 173 2242 1206 2242 1595
2473 2342 3564 3944 2359 2351 4065 605 2361 1032 116 875 548 3564 4244 2318 7 349 3477 4358
400 105 9 2842 72 2182 38 676 5214 6369 2805 1043 6233 984 2269 8 1151 5893 116 1506
2351 2247 6098 3045 6472 611 105 6248 2274 1694 2791 6142 6339 5 1931 3804 1221 1666 1238 1227
4830 3678 2364 5261 975 50 3203 644 3435 251 6472 3382 1540 2361 4358 6186 2269 6677 5595 1621
28 1617 2303 6458 2805 2718 3813 6578 1198 592 108 4751 1594 2791 2401 4203 239 97 628 429
3564 5315 4326 13 640 1333 5276 2787 598 536 6031 1688 2360 6197 2697 640 82 619 1621 5660
6575 3917 6032 1302 2169 3363 6231 2360 1322 4751 1072 173 1522 4887 676 4913 1867 2170 1852 3911
6100 3432 1043 1036 2 640 6770 3930 1758 6248 1503 5537 628 1036 3382 2169 5318 4096 3696 3813
4556 676 2397 644 1317 6525 3434 5749 2878 4050 1036 121 2318 6 3917 2360 3125 2351 2351 405
2697 1278 4342 170 2697 4766 778 0 2783 1286 13 1917 1026 6036 2423 4527 213 1595 3579 5245
5927 1627 6089 72 1371 69 5749 173 3204 1221 84 1332 1093 2711 5893 1808 1511 2488 2437 227
4372 3917 213 887 97 5 5038 398 894 3015 1605 6353 13 5816 3241 3813 1883 213 639 97
1075 4079 2717 4433 2787 2330 975 2238 1072 6327 1287 109 5887 8 5071 1460 2921 6527 344 2954
3008 68 1611 168 1748 4727 2360 1053 3951 6431 911 6472 6809 4308 1666 4604 5408 6472 6033 2364
68 5459 4751 4241 1915 4238 2221 3316 2544 1283 327 2254 5724 28 3870 5656 3318 1237 4661 6369
637 1505 6293 2269 644 4668 2794 2350 3951 1262 349 5485 1072 431 138 5421 5583 4450 490 4751
1206 4763 1093 400 5214 1231 5811 676 817 6644 2202 2959 536 6036 2412 1594 520 1992 5164 3015
3274 4604 4971 6458 1438 2924 1018 3870 2787 3831 2324 6186 2365 6362 82 2711 3035 875 20 1250
2240 651 1198 435 2238 6527 1503 2351 68 686 1522 6472 116 4244 2427 68 141 324 6186 2237
1221 5030 4392 1969 6241 5844 6329 6186 1616 866 3677 3564 4670 2351 1533 1234 5158 2954 84 6122
5660 1811 1867 2794 1276 338 1808 415 3723 2367 4497 1193 1670 1097 6024 1287 5223 1326 635 398
5473 1644 1628 4892 3029 1260 6248 1030 644 3044 2749 2185 1056 6472 4751 2365 4727 650 327 6122
3678 2783 2952 3051 4127 600 4923 2482 75 750 2236 435 663 2397 4751 6292 5857 1350 4134 6248
2806 5804 1053 6417 5252 867 1673 3969 2718 408 28 5796 5325 1687 1559 3207 2905 2121 168 1988
1092 168 632 2404 1939 1893 4670 1023 1221 146 2054 5768 2293 1243 876 3498 535 1243 2423 338
5755 925 722 3435 37 1042 4957 35 1601 344 649 6142 6458 4731 431 345 715 6725 4826 1171
4670 590 89 1666 438 46 4783 4433 1618 5223 2849 3571 3723 1025 42 4355 3943 3732 5818 635
1515 1035 51 5770 2924 3587 5978 6203 1209 168 1036 5259 888 1332 640 6329 1326 5348 6267 6848
2350 6216 1594 2658 676 3156 6186 6033 4508 331 761 3606 1688 2787 2788 373 5927 41 2410 158
3053 3092 620 2612 6310 4508 1017 2259 28 636 3804 4333 4913 146 1723 1025 50 3035 1221 6210
628 3913 876 2238 0 3008 1571 3435 1939 5755 173 5348 615 6283 6566 6119 1036 8 2509 6312
2434 2350 5887 1023 0 15 5393 2199 6329 0 1025 2214 1802 2783 1802 4604 4823 2294 2242 478
7 5210 3434 5887 380 380 4167 1029 2340 6186 475 663 116 8 1534 1043 5610 6 2487 6372
1440 2274 521 5424 1036 1333 6211 3724 1038 2397 2365 2319 536 6031 3008 521 2248 2976 1705 5055
722 236 6434 4892 1076 3434 5749 6362 5826 5820 362 90 1033 3434 2876 6157 1291 2718 1029 3724
6327 521 583 1057 3971 108 636 7 5950 4467 5503 866 1036 3724 1938 982 3683 1688 5 409
68 5486 1504 5214 750 408 168 2238 6525 4727 3204 4508 3341 536 5887 16 165 186 3434 4670
1691 4241 5992 3564 2359 1283 659 644 4458 6757 2711 4310 1514 6567 2856 1813 2397 1036 1796 5461
2293 6562 4670 4475 5214 5459 1033 3911 5913 1302 3951 5901 1511 5 37 1193 2238 62 482 2342
